	3D Point Head  			3D Point 117:LS			3D Point 117:LE			3D Point LWRIST			3D Point 117:RS			3D Point 117:RE			3D Point RWRIST			3D Point LHIP  			3D Point RHIP  			3D Point 117:LK			3D Point 117:LA			3D Point 117:RK			3D Point 117:RA		
Frame	x	y	z	x	y	z	x	y	z	x	y	z	x	y	z	x	y	z	x	y	z	x	y	z	x	y	z	x	y	z	x	y	z	x	y	z	x	y	z
1	2,171970	154,699219	4,792500	22,268745	132,386987	5,312605	28,609653	99,219537	5,317857	26,722183	74,902191	11,469756	-17,761002	134,382410	8,862317	-27,699277	100,738977	13,824065	-22,781371	79,350635	27,278036	9,704052	88,436469	9,180676	-7,747577	87,896124	8,478580	13,126050	38,853497	29,946417	9,492116	-3,789630	30,047568	-14,228183	35,327841	-0,187964	-9,492116	3,789630	-30,047568
2	2,502221	154,961768	6,712972	22,470770	132,640039	7,265231	28,782565	99,476514	7,435455	26,785382	75,166614	13,624486	-17,518506	134,840625	10,805102	-27,479001	101,104712	15,185736	-22,499205	79,551666	28,383908	9,833017	88,736481	11,345701	-7,621383	88,087524	10,444759	13,167865	38,900977	31,327228	9,515275	-3,807656	30,125183	-14,462685	34,900800	3,659439	-9,864212	5,273442	-27,823987
3	2,809480	155,260254	8,637799	22,658292	132,889417	9,260872	28,983069	99,714850	9,555720	26,806699	75,510382	16,009982	-17,312338	135,241443	12,729003	-27,288272	101,414471	16,517184	-22,227452	79,734406	29,515283	9,945297	89,060889	13,440088	-7,499414	88,258856	12,273520	13,328046	38,764633	32,290070	9,543558	-3,816641	30,091653	-14,707222	34,577020	7,687945	-10,234457	6,755104	-25,048732
4	3,086055	155,547131	10,531494	22,826181	133,128638	11,286060	29,205396	99,949561	11,692709	26,835666	75,767493	18,270280	-17,177234	135,583044	14,558376	-27,143881	101,683936	17,887778	-21,979414	79,869049	30,651318	10,054388	89,372552	15,457436	-7,386060	88,439886	14,085355	13,455467	38,710873	33,280972	9,567487	-3,829961	30,092279	-14,939363	34,486792	11,780334	-10,572420	8,116119	-21,845827
5	3,334985	155,854248	12,444310	22,970216	133,363611	13,316048	29,425217	100,197235	13,873476	26,814737	76,099481	20,678918	-17,104054	135,879138	16,284404	-27,001257	101,884137	19,277245	-21,754857	79,973828	31,815918	10,169189	89,689526	17,364598	-7,254830	88,712335	15,788120	13,573755	38,577353	33,944241	9,540931	-3,895498	30,159073	-15,162387	34,662161	15,857433	-10,834188	9,377388	-18,420992
6	3,552415	156,138757	14,322034	23,084621	133,611230	15,422227	29,626505	100,456897	16,104759	26,782669	76,426428	23,071399	-17,056953	136,156299	17,895985	-26,868732	102,108716	20,646013	-21,585117	80,073425	32,973856	10,314631	89,997107	19,165720	-7,120720	88,996661	17,522523	13,603619	38,553998	34,626068	9,537867	-3,902293	30,164685	-15,397601	35,049173	19,872937	-11,033440	10,477293	-14,900798
7	3,731661	156,435046	16,203691	23,148651	133,892017	17,551515	29,819720	100,751862	18,368947	26,749454	76,749420	25,435379	-17,050090	136,440503	19,366197	-26,743466	102,331390	22,013646	-21,441713	80,193439	34,135782	10,456910	90,287585	20,903714	-6,982694	89,309491	19,288831	13,606580	38,566656	35,340714	9,531185	-3,893884	30,152591	-15,537126	35,531842	23,760068	-11,095992	11,347404	-11,117816
8	3,871912	156,726050	18,068500	23,203023	134,195557	19,699750	29,983676	101,086322	20,718723	26,663675	77,150470	27,943460	-17,052232	136,730273	20,868613	-26,608243	102,560791	23,332892	-21,326222	80,334363	35,276166	10,595451	90,539832	22,601837	-6,855078	89,635126	21,021788	13,676369	38,452451	35,785132	9,528017	-3,901193	30,161230	-15,691066	36,214490	27,682404	-11,136836	11,933083	-7,130849
9	3,971167	157,015820	19,924684	23,211531	134,529077	21,820532	30,112082	101,423248	23,055029	26,575589	77,544299	30,403574	-17,042993	137,005750	22,292052	-26,487735	102,795337	24,573380	-21,254843	80,494208	36,389200	10,705155	90,796295	24,272997	-6,738659	89,946899	22,767801	13,749469	38,411670	36,283783	9,537524	-3,898184	30,156427	-15,731474	36,913431	31,460397	-11,151905	12,223786	-2,946782
10	4,040377	157,281482	21,755167	23,198650	134,872534	23,952663	30,197211	101,797504	25,467494	26,412509	78,123877	33,190472	-17,035637	137,269067	23,732379	-26,382309	103,013000	25,757828	-21,202480	80,651239	37,493613	10,822445	91,019049	25,926147	-6,632748	90,238666	24,468793	13,822766	38,392468	36,750439	9,546591	-3,893369	30,157352	-15,732541	37,655911	35,180521	-11,182372	12,151024	1,384602
11	4,079727	157,514929	23,583804	23,169925	135,216431	25,972772	30,263336	102,176373	27,869629	26,321289	78,566956	35,738007	-17,034782	137,492310	25,188658	-26,295804	103,188794	26,893488	-21,189725	80,788733	38,585959	10,910049	91,207892	27,574411	-6,534427	90,500330	26,156741	13,896584	38,366730	37,188025	9,559371	-3,881049	30,155563	-15,693553	38,402353	38,761563	-11,190512	11,736892	5,812884
12	4,087709	157,702429	25,389236	23,138727	135,524414	27,938126	30,297247	102,511340	30,290915	26,126425	79,022876	38,386960	-17,028857	137,648230	26,662112	-26,224426	103,309644	27,999057	-21,220691	80,883521	39,697342	10,985993	91,358514	29,217773	-6,458195	90,716278	27,832855	13,989185	38,284036	37,452695	9,565622	-3,868357	30,156070	-15,766527	39,201389	42,220642	-11,125135	11,039606	10,392246
13	4,073859	157,856042	27,215399	23,101578	135,815564	29,833087	30,346622	102,835937	32,702692	25,939590	79,473438	41,082709	-17,032213	137,750317	28,134232	-26,171484	103,383423	29,089081	-21,298511	80,939886	40,831644	11,036318	91,484943	30,850983	-6,411025	90,878467	29,495096	14,085391	38,277640	37,767056	9,562305	-3,853143	30,149600	-15,640451	39,903580	45,519443	-11,030750	10,043171	15,188058
14	4,040969	157,979407	29,035373	23,079027	136,047644	31,652173	30,342041	103,121338	35,127881	25,717661	79,895380	43,792953	-17,045325	137,777051	29,599359	-26,123660	103,393127	30,187921	-21,432571	80,955682	42,039578	11,056797	91,557184	32,481717	-6,385979	91,009094	31,178464	14,172438	38,279144	38,097430	9,552324	-3,822277	30,150919	-15,491029	40,559100	48,639276	-10,929890	8,759863	20,181648
15	3,981603	158,040894	30,848795	23,051852	136,218762	33,465897	30,334222	103,350159	37,528049	25,465474	80,315228	46,543683	-17,073082	137,741577	31,069077	-26,094769	103,342664	31,338699	-21,583197	80,923383	43,332108	11,036557	91,603125	34,101251	-6,393364	91,094739	32,855646	14,260049	38,224344	38,352652	9,553204	-3,799055	30,159790	-15,355165	41,133139	51,569727	-10,842786	7,252897	25,372202
16	3,908672	158,057507	32,632230	23,012073	136,341089	35,242877	30,310495	103,541968	39,921323	25,211569	80,694336	49,299115	-17,099373	137,670239	32,538467	-26,062631	103,255652	32,513867	-21,769107	80,846472	44,643561	11,005829	91,594208	35,719263	-6,412329	91,128650	34,526953	14,325508	38,184103	38,671176	9,579945	-3,770514	30,157373	-15,223347	41,588376	54,264313	-10,743799	5,644875	30,730930
17	3,813355	158,031653	34,468762	22,965996	136,405005	37,048401	30,283923	103,689490	42,268097	24,929083	81,040918	52,013690	-17,131615	137,534656	34,013571	-26,051724	103,123743	33,734427	-21,984402	80,734052	45,990231	10,935166	91,552063	37,378519	-6,470090	91,132001	36,234473	14,370335	38,125150	39,036649	9,537818	-3,741791	30,187012	-15,065329	41,902386	56,768359	-10,707716	3,997275	36,256894
18	3,696100	157,941333	36,287473	22,914090	136,410388	38,841840	30,237814	103,762756	44,592786	24,633369	81,347766	54,719110	-17,168924	137,375110	35,510251	-26,057968	102,962659	35,034158	-22,165736	80,594153	47,382355	10,841959	91,477313	39,077737	-6,536736	91,060797	37,936337	14,413002	38,020181	39,312604	9,519250	-3,690327	30,199774	-14,894560	42,072348	59,023804	-10,686555	2,339167	41,994708
19	3,562542	157,803333	38,079510	22,843327	136,361292	40,649200	30,204721	103,804443	46,881509	24,324666	81,624347	57,386652	-17,212318	137,177026	37,016226	-26,073648	102,776917	36,400967	-22,321512	80,404816	48,797607	10,764699	91,316168	40,756635	-6,607227	90,947607	39,645279	14,397601	38,065387	39,936716	9,496137	-3,647748	30,232318	-14,700926	42,069897	61,059766	-10,714689	0,816260	47,787347
20	3,415364	157,612268	39,870178	22,763586	136,252734	42,482397	30,144516	103,774072	49,121198	23,920192	81,899426	60,081860	-17,275945	136,943005	38,565698	-26,093878	102,546655	37,805844	-22,451472	80,176361	50,269363	10,660939	91,109192	42,444308	-6,700828	90,781421	41,374646	14,415071	37,917538	40,309119	9,485916	-3,590808	30,247787	-14,467085	41,889243	62,882574	-10,850722	-0,501815	53,668262
21	3,240376	157,381909	41,694083	22,654749	136,104443	44,363120	30,077542	103,690381	51,360706	23,613835	82,067657	62,654822	-17,334070	136,680713	40,148221	-26,124982	102,285309	39,298920	-22,578142	79,893646	51,747345	10,551038	90,859241	44,133807	-6,812310	90,553357	43,134930	14,417804	37,837418	40,882458	9,459764	-3,537442	30,271094	-14,224811	41,560779	64,487317	-10,945446	-1,518311	59,555634
22	3,061123	157,115503	43,511215	22,544560	135,900879	46,187830	29,991376	103,552100	53,536945	23,261549	82,167041	65,162335	-17,417427	136,388477	41,764777	-26,172592	101,991345	40,876584	-22,696886	79,550446	53,247974	10,432734	90,590802	45,876788	-6,948038	90,294916	44,947266	14,423608	37,778058	41,536447	9,397515	-3,474437	30,316193	-13,941144	41,122702	65,958984	-11,108007	-2,156514	65,382721
23	2,869065	156,830750	45,330411	22,427995	135,629419	48,037079	29,884836	103,355151	55,687128	22,954182	82,171002	67,576215	-17,530728	136,062610	43,439023	-26,210489	101,656482	42,497672	-22,828525	79,137903	54,757422	10,305488	90,313690	47,580930	-7,068710	89,994086	46,765045	14,424962	37,691599	42,252136	9,347357	-3,379303	30,343478	-13,744487	40,575412	67,405200	-11,217516	-2,369987	71,025116
24	2,659001	156,537817	47,158585	22,303578	135,322473	49,862717	29,753601	103,115967	57,827521	22,612190	82,132697	69,952179	-17,666618	135,716675	45,178198	-26,269269	101,297699	44,206494	-22,968771	78,686115	56,296179	10,187288	90,032147	49,333472	-7,188480	89,679559	48,612357	14,399091	37,606039	43,115671	9,269193	-3,254089	30,414709	-13,637285	40,083456	68,885291	-11,233305	-2,245036	76,283020
25	2,441241	156,237000	48,984006	22,155507	134,996545	51,675385	29,599136	102,845752	59,913379	22,236679	82,075165	72,296832	-17,836693	135,358777	46,969791	-26,334616	100,927850	45,991876	-23,127902	78,184802	57,834302	10,092095	89,744257	51,090378	-7,277618	89,372552	50,494284	14,341295	37,495654	44,083606	9,179568	-3,098600	30,480542	-13,167375	39,461603	70,335590	-11,124816	-1,861689	80,954608
26	2,204915	155,957739	50,816986	21,997900	134,677234	53,504327	29,387473	102,575952	62,005835	21,872475	81,971619	74,568768	-18,022522	135,015344	48,804605	-26,405368	100,568109	47,861829	-23,290154	77,673181	59,377026	10,012827	89,437646	52,901898	-7,368922	89,073938	52,384998	14,268643	37,372412	45,152881	9,086217	-2,900069	30,598016	-13,100018	39,151480	71,941498	-11,060914	-1,511567	84,891241
27	1,959872	155,694031	52,644354	21,818040	134,382898	55,317926	29,139514	102,309210	64,050818	21,504456	81,828943	76,744360	-18,238103	134,695825	50,707455	-26,480582	100,229126	49,771292	-23,459038	77,158240	60,952411	9,871313	89,145392	54,788336	-7,503102	88,825330	54,274939	14,199234	37,273196	46,391983	9,056946	-2,634023	30,758380	-12,948650	38,925711	73,757263	-10,978493	-1,210676	88,119153
28	1,701200	155,451575	54,473407	21,618364	134,127173	57,151611	28,826566	102,056836	66,050580	21,141391	81,671130	78,833423	-18,452620	134,406616	52,641803	-26,569034	99,929492	51,735181	-23,652429	76,667896	62,504510	9,715054	88,885187	56,736084	-7,663928	88,609888	56,181488	14,137555	37,223264	47,814557	9,063311	-2,285397	30,926031	-12,867177	38,774011	75,794519	-10,759633	-1,275563	90,342615
29	1,412972	155,247095	56,307800	21,408350	133,923584	58,983826	28,489566	101,853326	67,988867	20,775806	81,511664	80,832471	-18,697299	134,174438	54,610809	-26,647516	99,665424	53,752332	-23,887669	76,256219	64,140277	9,547131	88,658496	58,779822	-7,817173	88,405811	58,156476	14,089862	37,108966	49,244788	9,138863	-1,880508	31,173981	-12,817566	38,706216	78,021552	-10,473389	-1,740582	91,669653
30	1,127022	155,065771	58,126013	21,165823	133,754016	60,835211	28,104581	101,662830	69,841119	20,406236	81,348688	82,744452	-18,951970	133,971570	56,578229	-26,736591	99,440314	55,758258	-24,106947	75,902863	65,830243	9,359530	88,461615	60,892548	-7,996038	88,229419	60,216534	14,018666	37,282007	51,211438	9,278896	-1,364073	31,460208	-12,742260	38,632516	80,343011	-10,241917	-2,402766	92,346161
31	0,819425	154,893713	59,949280	20,897380	133,627686	62,721381	27,716812	101,489099	71,662164	20,041769	81,168567	84,560352	-19,210068	133,795691	58,506689	-26,867670	99,255591	57,814600	-24,325783	75,612274	67,561969	9,137379	88,300171	63,100415	-8,208256	88,084503	62,427960	14,021918	37,232794	52,948145	9,438390	-0,813498	31,840228	-12,708284	38,473337	82,615839	-10,027193	-3,195419	92,586945
32	0,509480	154,764795	61,753009	20,612737	133,520276	64,582159	27,319458	101,342468	73,446466	19,684465	80,970233	86,296094	-19,488596	133,650391	60,390363	-27,026544	99,110590	59,868433	-24,524124	75,367187	69,408081	8,923504	88,177783	65,365674	-8,433691	87,963043	64,701550	14,056393	37,172961	54,716656	9,621388	-0,141144	32,256812	-12,761092	38,264987	84,670496	-9,831002	-3,284252	93,237030
33	0,181115	154,845618	63,565900	20,337781	133,495166	66,448889	26,899713	101,201135	75,159564	19,332713	80,767523	87,949927	-19,805112	133,570105	62,213922	-27,211877	98,979108	61,919067	-24,734535	75,188214	71,300317	8,743311	88,154156	67,706287	-8,622563	88,113599	66,967303	14,026213	37,164362	56,648181	9,844825	0,647427	32,888461	-12,993799	38,426620	86,468915	-9,944586	-3,019813	94,843317
34	-0,152839	154,966907	65,361090	20,098546	133,549451	68,326410	26,446338	101,154565	76,859540	19,008577	80,589886	89,488281	-20,118575	133,574402	63,988300	-27,426535	98,980933	64,051636	-24,943115	75,125360	73,245911	8,581310	88,297937	70,067432	-8,765631	88,482031	69,215210	14,081181	37,152246	58,773010	10,000174	1,597076	33,665826	-13,133966	38,884915	88,679938	-9,908757	-3,348071	95,190485
35	-0,495129	155,170532	67,143951	19,841205	133,754224	70,240662	25,974454	101,239307	78,492303	18,699585	80,483002	90,894934	-20,417120	133,709253	65,732117	-27,630026	99,113544	66,123688	-25,169333	75,233484	75,241455	8,409580	88,517291	72,387213	-8,929694	88,900073	71,404315	14,163380	37,200137	61,243610	10,129629	2,635011	34,687073	-13,019643	39,259650	91,030823	-9,706950	-3,000246	95,209576
36	-0,835723	155,479712	68,926605	19,576971	134,103455	72,136847	25,509431	101,501483	80,078412	18,439960	80,458838	92,167627	-20,685207	133,941821	67,449231	-27,835785	99,342377	68,177234	-25,405417	75,474884	77,286963	8,199972	88,794727	74,610718	-9,165178	89,297540	73,561023	14,294621	37,214487	63,991705	10,217658	3,765838	36,086633	-12,978313	39,431003	92,973273	-9,624274	-3,054768	95,575500
37	-1,159088	155,813721	70,696973	19,307895	134,574097	74,029413	25,043491	101,872717	81,674243	18,182216	80,581329	93,399683	-20,911459	134,241028	69,175385	-28,077176	99,686792	70,193121	-25,727359	75,796039	79,250690	7,936850	89,129468	76,670294	-9,437770	89,667377	75,668988	14,507425	37,187521	67,160236	10,222585	4,917295	37,949478	-12,990935	39,551407	94,616968	-9,568731	-3,054064	95,636951
38	-1,476023	156,164502	72,443494	19,039452	135,102539	75,928723	24,651277	102,335516	83,170288	17,952835	80,783807	94,568286	-21,113420	134,593079	70,920331	-28,342383	100,093506	72,161121	-25,979150	76,269653	81,436700	7,657092	89,446899	78,538538	-9,745554	90,021991	77,731860	14,728133	37,063336	70,537671	10,242359	6,105547	40,054889	-13,096184	39,576413	95,991888	-9,527676	-3,004008	95,627319
39	-1,774384	156,518433	74,188806	18,777173	135,627881	77,782294	24,347119	102,828540	84,627881	17,746400	81,056787	95,754120	-21,299484	134,972705	72,743774	-28,641660	100,488062	74,076868	-26,237958	76,779474	83,653845	7,378763	89,778107	80,268781	-10,038042	90,383264	79,742029	14,908626	36,910556	74,016449	10,240237	7,344652	42,354089	-13,287807	39,489127	97,030896	-9,528072	-3,059195	95,648059
40	-2,054318	156,880542	75,924530	18,536505	136,102625	79,573865	24,124870	103,237061	86,121594	17,552477	81,369379	96,999554	-21,490173	135,333936	74,616168	-28,977457	100,895056	75,995160	-26,497748	77,319800	85,913873	7,152364	90,116248	81,892480	-10,276487	90,718042	81,682672	15,031314	36,880170	77,635699	10,210437	8,615543	44,990506	-13,476111	39,424283	97,886511	-9,541963	-3,051691	95,615723
41	-2,314450	157,240063	77,656836	18,333847	136,498767	81,232465	24,032298	103,621899	87,565558	17,389246	81,680664	98,285120	-21,707230	135,700610	76,569745	-29,329605	101,270135	77,900421	-26,742371	77,828400	88,157019	6,962697	90,429437	83,480957	-10,469117	91,037872	83,505414	15,178709	36,947238	81,311731	10,153160	9,863321	47,940268	-13,628740	39,382117	98,536487	-9,587154	-3,077780	95,613251
42	-2,551163	157,575940	79,377917	18,179813	136,827881	82,702197	23,978781	103,954590	88,974561	17,270457	82,001953	99,635309	-21,908472	136,033789	78,568164	-29,704361	101,645258	79,844702	-26,965417	78,316553	90,385406	6,791153	90,771393	85,069202	-10,652579	91,362933	85,263116	15,318811	37,172260	85,018945	10,031180	10,980405	51,188055	-13,774963	39,373218	99,079047	-9,615455	-3,097042	95,588379
43	-2,760127	157,885864	81,102594	18,043459	137,107520	84,151080	23,986311	104,249316	90,363562	17,201595	82,302924	100,998785	-22,121255	136,374634	80,632581	-30,100589	102,006976	81,852008	-27,176221	78,785059	92,633099	6,619259	91,104382	86,643707	-10,812708	91,672278	86,932086	15,403539	37,541928	88,662164	9,879436	11,904834	54,594476	-13,895766	39,329974	99,504633	-9,637585	-3,101077	95,552234
44	-2,937681	158,174268	82,822455	17,937086	137,343555	85,471790	23,998497	104,495581	91,705402	17,196301	82,575769	102,341901	-22,302583	136,690662	82,718036	-30,491507	102,362585	83,927283	-27,369629	79,232001	94,886676	6,460902	91,404688	88,228363	-10,982388	91,960291	88,555359	15,473495	37,969226	92,292474	9,677219	12,602710	58,124640	-14,007304	39,294415	99,837030	-9,647501	-3,115778	95,496893
45	-3,095672	158,437952	84,540527	17,826935	137,567395	86,790509	24,029895	104,744458	92,976752	17,253564	82,834027	103,659900	-22,458055	137,003308	84,813397	-30,869214	102,699109	86,068323	-27,535046	79,666345	97,150610	6,311474	91,676740	89,781592	-11,129984	92,203461	90,139154	15,519785	38,425641	95,851202	9,487549	13,046870	61,822778	-14,102812	39,272278	100,116309	-9,648920	-3,112496	95,461658
46	-3,217903	158,668677	86,251672	17,728902	137,750574	88,060175	24,080809	104,970325	94,136987	17,383818	83,058508	104,945740	-22,573401	137,285034	86,883514	-31,226746	103,035803	88,280194	-27,673621	80,084070	99,459491	6,152931	91,948938	91,338092	-11,292624	92,391046	91,687305	15,509293	38,973343	99,358813	9,305766	13,133615	65,732123	-14,197968	39,246960	100,392627	-9,662711	-3,120128	95,437262
47	-3,311941	158,863269	87,954437	17,627547	137,920923	89,334796	24,113985	105,130872	95,257550	17,598952	83,237671	106,178882	-22,670520	137,544312	88,910754	-31,565900	103,356592	90,542999	-27,779831	80,497906	101,811908	6,009179	92,180676	92,835504	-11,424432	92,536340	93,224554	15,445731	39,556754	102,790503	9,166113	12,974692	69,740521	-14,289920	39,213336	100,661993	-9,694588	-3,120321	95,426270
48	-3,380401	159,028357	89,653790	17,525568	138,047339	90,604254	24,120177	105,275574	96,291748	17,900832	83,352264	107,403223	-22,753323	137,784973	90,915045	-31,884769	103,658813	92,863055	-27,856509	80,895087	104,203601	5,913094	92,364496	94,280963	-11,542107	92,663416	94,729077	15,325066	40,150378	106,123047	8,971172	12,607836	73,902484	-14,378346	39,199695	100,921954	-9,712886	-3,115551	95,425781
49	-3,452896	159,171521	91,361267	17,424359	138,123352	91,885052	24,131477	105,340894	97,296680	18,256061	83,422473	108,632153	-22,825943	137,991235	92,862781	-32,154282	103,937134	95,212628	-27,909296	81,270227	106,637366	5,811031	92,580328	95,796802	-11,639597	92,745874	96,204620	15,131917	40,751544	109,394336	8,816147	11,874462	78,339740	-14,441194	39,159863	101,121021	-9,719558	-3,102418	95,422467
50	-3,487105	159,251721	93,060132	17,331123	138,154578	93,184241	24,115749	105,387378	98,277502	18,640843	83,454608	109,878210	-22,887660	138,163245	94,779211	-32,382452	104,175049	97,571008	-27,934613	81,601984	109,086658	5,725924	92,697943	97,252057	-11,711534	92,799603	97,666949	14,875731	41,366937	112,581079	8,693770	10,789925	82,949469	-14,502888	39,129425	101,360468	-9,726485	-3,086136	95,413483
51	-3,506969	159,306689	94,761871	17,250226	138,120947	94,452771	24,126976	105,348047	99,320911	18,941292	83,483459	111,073975	-22,927913	138,280945	96,654340	-32,587253	104,391382	99,958124	-27,906897	81,958765	111,654016	5,679028	92,776678	98,665851	-11,753252	92,797009	99,111279	14,568076	41,942014	115,610791	8,550446	9,661919	87,681976	-14,557690	39,080545	101,580042	-9,733235	-3,074471	95,405347
52	-3,492871	159,307251	96,449445	17,162859	138,040393	95,765192	24,153986	105,281775	100,380536	19,322571	83,448407	112,373718	-22,967877	138,358557	98,528741	-32,744156	104,559155	102,332251	-27,895792	82,184113	114,083826	5,629205	92,825116	100,093024	-11,789553	92,774084	100,553973	14,238820	42,445563	118,499695	8,440426	8,301331	92,681256	-14,626154	39,036072	101,865002	-9,740055	-3,056259	95,392120
53	-3,466140	159,256970	98,141528	17,089949	137,925635	97,080109	24,220360	105,176648	101,486774	19,688840	83,362158	113,702307	-22,979663	138,383447	100,398932	-32,861313	104,670630	104,666516	-27,883218	82,371198	116,526111	5,606754	92,820593	101,529236	-11,802833	92,673090	101,992651	13,890286	42,875613	121,204956	8,377893	6,866743	97,838342	-14,673932	38,996640	102,208612	-9,742986	-3,034469	95,394067
54	-3,414781	159,169873	99,835297	17,033232	137,760876	98,422839	24,273051	105,026208	102,664856	20,074239	83,215399	115,004236	-22,983957	138,357764	102,282727	-32,945111	104,734766	106,994800	-27,852634	82,503784	118,941016	5,594072	92,766602	103,002515	-11,804422	92,556323	103,391028	13,544539	43,218704	123,712659	8,366485	5,339496	103,209814	-14,700815	38,939136	102,612683	-9,736002	-3,007249	95,396442
55	-3,342930	159,038953	101,530658	16,988855	137,567200	99,827466	24,346916	104,835632	103,883447	20,448518	83,016638	116,293835	-22,967110	138,283118	104,174365	-32,986325	104,739148	109,279456	-27,786774	82,547656	121,295386	5,610097	92,666687	104,483765	-11,797073	92,391406	104,862769	13,217072	43,444009	125,983020	8,371506	3,904159	108,705469	-14,715413	38,888528	103,069177	-9,717091	-2,985050	95,415594
56	-3,242773	158,875757	103,237329	16,964494	137,341113	101,280658	24,430229	104,624536	105,120435	20,832628	82,761566	117,526355	-22,928465	138,153516	106,052319	-32,995786	104,691821	111,528125	-27,725287	82,573810	123,675342	5,638083	92,526825	105,969775	-11,787582	92,203937	106,356421	12,901553	43,557001	128,019812	8,401536	2,559207	114,301208	-14,728735	38,846246	103,585327	-9,693785	-2,953834	95,430945
57	-3,131873	158,689038	104,947400	16,959886	137,091516	102,829407	24,500237	104,379419	106,450952	21,190353	82,403662	118,718079	-22,882033	138,000098	107,953406	-32,963281	104,589539	113,737170	-27,657941	82,541144	125,981531	5,622196	92,368994	107,489417	-11,772858	91,996356	107,839380	12,583826	43,501190	129,875195	8,865971	1,829245	119,720166	-14,749777	38,777478	104,119458	-9,664882	-2,917448	95,442792
58	-3,005499	158,475305	106,678516	16,995514	136,810986	104,427979	24,607939	104,113647	107,732385	21,542036	81,994196	119,855078	-22,814296	137,800586	109,826001	-32,890836	104,455688	115,913843	-27,571796	82,462769	128,256836	5,648105	92,169574	109,075830	-11,757999	91,844775	109,455066	12,264395	43,290094	131,542004	8,521157	0,374654	125,768250	-14,766231	38,714587	104,777429	-9,627782	-2,870188	95,467938
59	-2,852744	158,242041	108,416846	17,043671	136,512463	106,113525	24,714587	103,815955	109,139404	21,853291	81,525513	120,989294	-22,734782	137,583154	111,677783	-32,775687	104,277698	118,030835	-27,482407	82,365100	130,485059	5,674588	91,944495	110,710168	-11,717095	91,565662	110,889087	11,993794	42,933932	133,038745	8,641648	-0,267479	131,552930	-14,775743	38,638190	105,531360	-9,587625	-2,812577	95,521228
60	-2,675611	157,983472	110,167175	17,123985	136,207971	107,898340	24,808661	103,498242	110,584106	22,140388	81,007635	122,058679	-22,631082	137,343726	113,504468	-32,630157	104,082178	120,087427	-27,359869	82,238000	132,670972	5,705499	91,671588	112,327271	-11,657165	91,171832	112,180334	11,729346	42,530356	134,404785	8,833548	-0,518543	137,273267	-14,771594	38,533707	106,341760	-9,553082	-2,747232	95,592889
61	-2,475275	157,713232	111,931409	17,230225	135,877954	109,739441	24,922104	103,141992	112,051331	22,388434	80,452020	123,164038	-22,512457	137,096252	115,307166	-32,458746	103,869373	122,092358	-27,219022	82,113318	134,828564	5,746798	91,398022	114,065491	-11,615543	90,936047	113,813037	11,576154	42,101120	135,746973	9,043793	-0,264127	142,733435	-14,783864	38,461536	107,230188	-9,499065	-2,632036	95,680463
62	-2,265508	157,436853	113,715869	17,362236	135,538013	111,637988	25,032671	102,805115	113,546228	22,624403	79,883887	124,201331	-22,406294	136,857153	117,071375	-32,271765	103,632336	124,037781	-27,048434	81,987427	136,943420	5,770811	91,115076	115,821851	-11,591944	90,688892	115,442029	11,534583	41,721436	137,156885	9,188305	0,314131	147,718896	-14,801733	38,390878	108,116382	-9,415737	-2,500456	95,765491
63	-2,029557	157,173218	115,516797	17,525766	135,202783	113,621216	25,170818	102,436694	115,104285	22,835742	79,309143	125,264111	-22,284361	136,612451	118,818311	-32,087189	103,395068	125,891858	-26,865509	81,858801	138,976758	5,788536	90,814612	117,623425	-11,583820	90,446979	117,148486	11,564572	41,423306	138,657239	9,274347	0,966475	152,199329	-14,822255	38,361597	109,052942	-9,359346	-2,277625	95,845001
64	-1,835654	156,894165	117,363293	17,706708	134,872144	115,666370	25,283696	102,076318	116,707739	23,032988	78,729187	126,351123	-22,141927	136,373193	120,564917	-31,898361	103,154187	127,696484	-26,657193	81,742548	140,975671	5,801291	90,566357	119,509180	-11,560233	90,196869	118,863159	11,621320	41,239539	140,353577	9,318256	1,539849	155,867749	-14,837756	38,361963	110,100354	-9,352878	-2,015669	95,964252
65	-1,547940	156,667383	119,205444	17,904028	134,551282	117,735535	25,420168	101,769238	118,349744	23,238536	78,187665	127,490625	-22,004289	136,179797	122,328223	-31,723083	102,926672	129,423853	-26,433951	81,634973	142,888318	5,846653	90,351959	121,311572	-11,508644	89,978302	120,641980	11,694147	41,173209	142,446631	9,380036	1,689455	158,419800	-14,793698	38,287851	111,314856	-9,390057	-1,704052	96,106476
66	-1,255860	156,493701	121,067639	18,102100	134,271826	119,826257	25,545285	101,467291	120,075342	23,410559	77,797174	128,775220	-21,860550	136,043164	124,135034	-31,538980	102,726685	131,098718	-26,195157	81,549097	144,725708	5,958630	90,183191	123,155396	-11,402785	89,782080	122,453833	11,716357	41,265686	144,925818	9,490912	1,363420	159,985596	-14,806990	38,267990	112,591785	-9,490912	-1,363420	96,311554
67	3000,000000	0,000000	-3000,000000	3000,000000	0,000000	-3000,000000	3000,000000	0,000000	-3000,000000	3000,000000	0,000000	-3000,000000	3000,000000	0,000000	-3000,000000	3000,000000	0,000000	-3000,000000	3000,000000	0,000000	-3000,000000	3000,000000	0,000000	-3000,000000	3000,000000	0,000000	-3000,000000	3000,000000	0,000000	-3000,000000	3000,000000	0,000000	-3000,000000	3000,000000	0,000000	-3000,000000	3000,000000	0,000000	-3000,000000
68	3000,000000	0,000000	-3000,000000	3000,000000	0,000000	-3000,000000	3000,000000	0,000000	-3000,000000	3000,000000	0,000000	-3000,000000	3000,000000	0,000000	-3000,000000	3000,000000	0,000000	-3000,000000	3000,000000	0,000000	-3000,000000	3000,000000	0,000000	-3000,000000	3000,000000	0,000000	-3000,000000	3000,000000	0,000000	-3000,000000	3000,000000	0,000000	-3000,000000	3000,000000	0,000000	-3000,000000	3000,000000	0,000000	-3000,000000
69	3000,000000	0,000000	-3000,000000	3000,000000	0,000000	-3000,000000	3000,000000	0,000000	-3000,000000	3000,000000	0,000000	-3000,000000	3000,000000	0,000000	-3000,000000	3000,000000	0,000000	-3000,000000	3000,000000	0,000000	-3000,000000	3000,000000	0,000000	-3000,000000	3000,000000	0,000000	-3000,000000	3000,000000	0,000000	-3000,000000	3000,000000	0,000000	-3000,000000	3000,000000	0,000000	-3000,000000	3000,000000	0,000000	-3000,000000
70	3000,000000	0,000000	-3000,000000	3000,000000	0,000000	-3000,000000	3000,000000	0,000000	-3000,000000	3000,000000	0,000000	-3000,000000	3000,000000	0,000000	-3000,000000	3000,000000	0,000000	-3000,000000	3000,000000	0,000000	-3000,000000	3000,000000	0,000000	-3000,000000	3000,000000	0,000000	-3000,000000	3000,000000	0,000000	-3000,000000	3000,000000	0,000000	-3000,000000	3000,000000	0,000000	-3000,000000	3000,000000	0,000000	-3000,000000
71	3000,000000	0,000000	-3000,000000	3000,000000	0,000000	-3000,000000	3000,000000	0,000000	-3000,000000	3000,000000	0,000000	-3000,000000	3000,000000	0,000000	-3000,000000	3000,000000	0,000000	-3000,000000	3000,000000	0,000000	-3000,000000	3000,000000	0,000000	-3000,000000	3000,000000	0,000000	-3000,000000	3000,000000	0,000000	-3000,000000	3000,000000	0,000000	-3000,000000	3000,000000	0,000000	-3000,000000	3000,000000	0,000000	-3000,000000
72	3000,000000	0,000000	-3000,000000	3000,000000	0,000000	-3000,000000	3000,000000	0,000000	-3000,000000	3000,000000	0,000000	-3000,000000	3000,000000	0,000000	-3000,000000	3000,000000	0,000000	-3000,000000	3000,000000	0,000000	-3000,000000	3000,000000	0,000000	-3000,000000	3000,000000	0,000000	-3000,000000	3000,000000	0,000000	-3000,000000	3000,000000	0,000000	-3000,000000	3000,000000	0,000000	-3000,000000	3000,000000	0,000000	-3000,000000
73	3000,000000	0,000000	-3000,000000	3000,000000	0,000000	-3000,000000	3000,000000	0,000000	-3000,000000	3000,000000	0,000000	-3000,000000	3000,000000	0,000000	-3000,000000	3000,000000	0,000000	-3000,000000	3000,000000	0,000000	-3000,000000	3000,000000	0,000000	-3000,000000	3000,000000	0,000000	-3000,000000	3000,000000	0,000000	-3000,000000	3000,000000	0,000000	-3000,000000	3000,000000	0,000000	-3000,000000	3000,000000	0,000000	-3000,000000
74	3000,000000	0,000000	-3000,000000	3000,000000	0,000000	-3000,000000	3000,000000	0,000000	-3000,000000	3000,000000	0,000000	-3000,000000	3000,000000	0,000000	-3000,000000	3000,000000	0,000000	-3000,000000	3000,000000	0,000000	-3000,000000	3000,000000	0,000000	-3000,000000	3000,000000	0,000000	-3000,000000	3000,000000	0,000000	-3000,000000	3000,000000	0,000000	-3000,000000	3000,000000	0,000000	-3000,000000	3000,000000	0,000000	-3000,000000
75	3000,000000	0,000000	-3000,000000	3000,000000	0,000000	-3000,000000	3000,000000	0,000000	-3000,000000	3000,000000	0,000000	-3000,000000	3000,000000	0,000000	-3000,000000	3000,000000	0,000000	-3000,000000	3000,000000	0,000000	-3000,000000	3000,000000	0,000000	-3000,000000	3000,000000	0,000000	-3000,000000	3000,000000	0,000000	-3000,000000	3000,000000	0,000000	-3000,000000	3000,000000	0,000000	-3000,000000	3000,000000	0,000000	-3000,000000
76	3000,000000	0,000000	-3000,000000	3000,000000	0,000000	-3000,000000	3000,000000	0,000000	-3000,000000	3000,000000	0,000000	-3000,000000	3000,000000	0,000000	-3000,000000	3000,000000	0,000000	-3000,000000	3000,000000	0,000000	-3000,000000	3000,000000	0,000000	-3000,000000	3000,000000	0,000000	-3000,000000	3000,000000	0,000000	-3000,000000	3000,000000	0,000000	-3000,000000	3000,000000	0,000000	-3000,000000	3000,000000	0,000000	-3000,000000
77	3000,000000	0,000000	-3000,000000	3000,000000	0,000000	-3000,000000	3000,000000	0,000000	-3000,000000	3000,000000	0,000000	-3000,000000	3000,000000	0,000000	-3000,000000	3000,000000	0,000000	-3000,000000	3000,000000	0,000000	-3000,000000	3000,000000	0,000000	-3000,000000	3000,000000	0,000000	-3000,000000	3000,000000	0,000000	-3000,000000	3000,000000	0,000000	-3000,000000	3000,000000	0,000000	-3000,000000	3000,000000	0,000000	-3000,000000
78	3000,000000	0,000000	-3000,000000	3000,000000	0,000000	-3000,000000	3000,000000	0,000000	-3000,000000	3000,000000	0,000000	-3000,000000	3000,000000	0,000000	-3000,000000	3000,000000	0,000000	-3000,000000	3000,000000	0,000000	-3000,000000	3000,000000	0,000000	-3000,000000	3000,000000	0,000000	-3000,000000	3000,000000	0,000000	-3000,000000	3000,000000	0,000000	-3000,000000	3000,000000	0,000000	-3000,000000	3000,000000	0,000000	-3000,000000
79	3000,000000	0,000000	-3000,000000	3000,000000	0,000000	-3000,000000	3000,000000	0,000000	-3000,000000	3000,000000	0,000000	-3000,000000	3000,000000	0,000000	-3000,000000	3000,000000	0,000000	-3000,000000	3000,000000	0,000000	-3000,000000	3000,000000	0,000000	-3000,000000	3000,000000	0,000000	-3000,000000	3000,000000	0,000000	-3000,000000	3000,000000	0,000000	-3000,000000	3000,000000	0,000000	-3000,000000	3000,000000	0,000000	-3000,000000
80	3000,000000	0,000000	-3000,000000	3000,000000	0,000000	-3000,000000	3000,000000	0,000000	-3000,000000	3000,000000	0,000000	-3000,000000	3000,000000	0,000000	-3000,000000	3000,000000	0,000000	-3000,000000	3000,000000	0,000000	-3000,000000	3000,000000	0,000000	-3000,000000	3000,000000	0,000000	-3000,000000	3000,000000	0,000000	-3000,000000	3000,000000	0,000000	-3000,000000	3000,000000	0,000000	-3000,000000	3000,000000	0,000000	-3000,000000
81	3000,000000	0,000000	-3000,000000	3000,000000	0,000000	-3000,000000	3000,000000	0,000000	-3000,000000	3000,000000	0,000000	-3000,000000	3000,000000	0,000000	-3000,000000	3000,000000	0,000000	-3000,000000	3000,000000	0,000000	-3000,000000	3000,000000	0,000000	-3000,000000	3000,000000	0,000000	-3000,000000	3000,000000	0,000000	-3000,000000	3000,000000	0,000000	-3000,000000	3000,000000	0,000000	-3000,000000	3000,000000	0,000000	-3000,000000
82	3000,000000	0,000000	-3000,000000	3000,000000	0,000000	-3000,000000	3000,000000	0,000000	-3000,000000	3000,000000	0,000000	-3000,000000	3000,000000	0,000000	-3000,000000	3000,000000	0,000000	-3000,000000	3000,000000	0,000000	-3000,000000	3000,000000	0,000000	-3000,000000	3000,000000	0,000000	-3000,000000	3000,000000	0,000000	-3000,000000	3000,000000	0,000000	-3000,000000	3000,000000	0,000000	-3000,000000	3000,000000	0,000000	-3000,000000
83	3000,000000	0,000000	-3000,000000	3000,000000	0,000000	-3000,000000	3000,000000	0,000000	-3000,000000	3000,000000	0,000000	-3000,000000	3000,000000	0,000000	-3000,000000	3000,000000	0,000000	-3000,000000	3000,000000	0,000000	-3000,000000	3000,000000	0,000000	-3000,000000	3000,000000	0,000000	-3000,000000	3000,000000	0,000000	-3000,000000	3000,000000	0,000000	-3000,000000	3000,000000	0,000000	-3000,000000	3000,000000	0,000000	-3000,000000
84	3000,000000	0,000000	-3000,000000	3000,000000	0,000000	-3000,000000	3000,000000	0,000000	-3000,000000	3000,000000	0,000000	-3000,000000	3000,000000	0,000000	-3000,000000	3000,000000	0,000000	-3000,000000	3000,000000	0,000000	-3000,000000	3000,000000	0,000000	-3000,000000	3000,000000	0,000000	-3000,000000	3000,000000	0,000000	-3000,000000	3000,000000	0,000000	-3000,000000	3000,000000	0,000000	-3000,000000	3000,000000	0,000000	-3000,000000
85	3000,000000	0,000000	-3000,000000	3000,000000	0,000000	-3000,000000	3000,000000	0,000000	-3000,000000	3000,000000	0,000000	-3000,000000	3000,000000	0,000000	-3000,000000	3000,000000	0,000000	-3000,000000	3000,000000	0,000000	-3000,000000	3000,000000	0,000000	-3000,000000	3000,000000	0,000000	-3000,000000	3000,000000	0,000000	-3000,000000	3000,000000	0,000000	-3000,000000	3000,000000	0,000000	-3000,000000	3000,000000	0,000000	-3000,000000
86	3000,000000	0,000000	-3000,000000	3000,000000	0,000000	-3000,000000	3000,000000	0,000000	-3000,000000	3000,000000	0,000000	-3000,000000	3000,000000	0,000000	-3000,000000	3000,000000	0,000000	-3000,000000	3000,000000	0,000000	-3000,000000	3000,000000	0,000000	-3000,000000	3000,000000	0,000000	-3000,000000	3000,000000	0,000000	-3000,000000	3000,000000	0,000000	-3000,000000	3000,000000	0,000000	-3000,000000	3000,000000	0,000000	-3000,000000
87	3000,000000	0,000000	-3000,000000	3000,000000	0,000000	-3000,000000	3000,000000	0,000000	-3000,000000	3000,000000	0,000000	-3000,000000	3000,000000	0,000000	-3000,000000	3000,000000	0,000000	-3000,000000	3000,000000	0,000000	-3000,000000	3000,000000	0,000000	-3000,000000	3000,000000	0,000000	-3000,000000	3000,000000	0,000000	-3000,000000	3000,000000	0,000000	-3000,000000	3000,000000	0,000000	-3000,000000	3000,000000	0,000000	-3000,000000
88	3000,000000	0,000000	-3000,000000	3000,000000	0,000000	-3000,000000	3000,000000	0,000000	-3000,000000	3000,000000	0,000000	-3000,000000	3000,000000	0,000000	-3000,000000	3000,000000	0,000000	-3000,000000	3000,000000	0,000000	-3000,000000	3000,000000	0,000000	-3000,000000	3000,000000	0,000000	-3000,000000	3000,000000	0,000000	-3000,000000	3000,000000	0,000000	-3000,000000	3000,000000	0,000000	-3000,000000	3000,000000	0,000000	-3000,000000
89	3000,000000	0,000000	-3000,000000	3000,000000	0,000000	-3000,000000	3000,000000	0,000000	-3000,000000	3000,000000	0,000000	-3000,000000	3000,000000	0,000000	-3000,000000	3000,000000	0,000000	-3000,000000	3000,000000	0,000000	-3000,000000	3000,000000	0,000000	-3000,000000	3000,000000	0,000000	-3000,000000	3000,000000	0,000000	-3000,000000	3000,000000	0,000000	-3000,000000	3000,000000	0,000000	-3000,000000	3000,000000	0,000000	-3000,000000
90	3000,000000	0,000000	-3000,000000	3000,000000	0,000000	-3000,000000	3000,000000	0,000000	-3000,000000	3000,000000	0,000000	-3000,000000	3000,000000	0,000000	-3000,000000	3000,000000	0,000000	-3000,000000	3000,000000	0,000000	-3000,000000	3000,000000	0,000000	-3000,000000	3000,000000	0,000000	-3000,000000	3000,000000	0,000000	-3000,000000	3000,000000	0,000000	-3000,000000	3000,000000	0,000000	-3000,000000	3000,000000	0,000000	-3000,000000
91	3000,000000	0,000000	-3000,000000	3000,000000	0,000000	-3000,000000	3000,000000	0,000000	-3000,000000	3000,000000	0,000000	-3000,000000	3000,000000	0,000000	-3000,000000	3000,000000	0,000000	-3000,000000	3000,000000	0,000000	-3000,000000	3000,000000	0,000000	-3000,000000	3000,000000	0,000000	-3000,000000	3000,000000	0,000000	-3000,000000	3000,000000	0,000000	-3000,000000	3000,000000	0,000000	-3000,000000	3000,000000	0,000000	-3000,000000
92	3000,000000	0,000000	-3000,000000	3000,000000	0,000000	-3000,000000	3000,000000	0,000000	-3000,000000	3000,000000	0,000000	-3000,000000	3000,000000	0,000000	-3000,000000	3000,000000	0,000000	-3000,000000	3000,000000	0,000000	-3000,000000	3000,000000	0,000000	-3000,000000	3000,000000	0,000000	-3000,000000	3000,000000	0,000000	-3000,000000	3000,000000	0,000000	-3000,000000	3000,000000	0,000000	-3000,000000	3000,000000	0,000000	-3000,000000
93	3000,000000	0,000000	-3000,000000	3000,000000	0,000000	-3000,000000	3000,000000	0,000000	-3000,000000	3000,000000	0,000000	-3000,000000	3000,000000	0,000000	-3000,000000	3000,000000	0,000000	-3000,000000	3000,000000	0,000000	-3000,000000	3000,000000	0,000000	-3000,000000	3000,000000	0,000000	-3000,000000	3000,000000	0,000000	-3000,000000	3000,000000	0,000000	-3000,000000	3000,000000	0,000000	-3000,000000	3000,000000	0,000000	-3000,000000
94	3000,000000	0,000000	-3000,000000	3000,000000	0,000000	-3000,000000	3000,000000	0,000000	-3000,000000	3000,000000	0,000000	-3000,000000	3000,000000	0,000000	-3000,000000	3000,000000	0,000000	-3000,000000	3000,000000	0,000000	-3000,000000	3000,000000	0,000000	-3000,000000	3000,000000	0,000000	-3000,000000	3000,000000	0,000000	-3000,000000	3000,000000	0,000000	-3000,000000	3000,000000	0,000000	-3000,000000	3000,000000	0,000000	-3000,000000
95	3000,000000	0,000000	-3000,000000	3000,000000	0,000000	-3000,000000	3000,000000	0,000000	-3000,000000	3000,000000	0,000000	-3000,000000	3000,000000	0,000000	-3000,000000	3000,000000	0,000000	-3000,000000	3000,000000	0,000000	-3000,000000	3000,000000	0,000000	-3000,000000	3000,000000	0,000000	-3000,000000	3000,000000	0,000000	-3000,000000	3000,000000	0,000000	-3000,000000	3000,000000	0,000000	-3000,000000	3000,000000	0,000000	-3000,000000
96	3000,000000	0,000000	-3000,000000	3000,000000	0,000000	-3000,000000	3000,000000	0,000000	-3000,000000	3000,000000	0,000000	-3000,000000	3000,000000	0,000000	-3000,000000	3000,000000	0,000000	-3000,000000	3000,000000	0,000000	-3000,000000	3000,000000	0,000000	-3000,000000	3000,000000	0,000000	-3000,000000	3000,000000	0,000000	-3000,000000	3000,000000	0,000000	-3000,000000	3000,000000	0,000000	-3000,000000	3000,000000	0,000000	-3000,000000
97	3000,000000	0,000000	-3000,000000	3000,000000	0,000000	-3000,000000	3000,000000	0,000000	-3000,000000	3000,000000	0,000000	-3000,000000	3000,000000	0,000000	-3000,000000	3000,000000	0,000000	-3000,000000	3000,000000	0,000000	-3000,000000	3000,000000	0,000000	-3000,000000	3000,000000	0,000000	-3000,000000	3000,000000	0,000000	-3000,000000	3000,000000	0,000000	-3000,000000	3000,000000	0,000000	-3000,000000	3000,000000	0,000000	-3000,000000
98	3000,000000	0,000000	-3000,000000	3000,000000	0,000000	-3000,000000	3000,000000	0,000000	-3000,000000	3000,000000	0,000000	-3000,000000	3000,000000	0,000000	-3000,000000	3000,000000	0,000000	-3000,000000	3000,000000	0,000000	-3000,000000	3000,000000	0,000000	-3000,000000	3000,000000	0,000000	-3000,000000	3000,000000	0,000000	-3000,000000	3000,000000	0,000000	-3000,000000	3000,000000	0,000000	-3000,000000	3000,000000	0,000000	-3000,000000
99	3000,000000	0,000000	-3000,000000	3000,000000	0,000000	-3000,000000	3000,000000	0,000000	-3000,000000	3000,000000	0,000000	-3000,000000	3000,000000	0,000000	-3000,000000	3000,000000	0,000000	-3000,000000	3000,000000	0,000000	-3000,000000	3000,000000	0,000000	-3000,000000	3000,000000	0,000000	-3000,000000	3000,000000	0,000000	-3000,000000	3000,000000	0,000000	-3000,000000	3000,000000	0,000000	-3000,000000	3000,000000	0,000000	-3000,000000
100	3000,000000	0,000000	-3000,000000	3000,000000	0,000000	-3000,000000	3000,000000	0,000000	-3000,000000	3000,000000	0,000000	-3000,000000	3000,000000	0,000000	-3000,000000	3000,000000	0,000000	-3000,000000	3000,000000	0,000000	-3000,000000	3000,000000	0,000000	-3000,000000	3000,000000	0,000000	-3000,000000	3000,000000	0,000000	-3000,000000	3000,000000	0,000000	-3000,000000	3000,000000	0,000000	-3000,000000	3000,000000	0,000000	-3000,000000
101	3000,000000	0,000000	-3000,000000	3000,000000	0,000000	-3000,000000	3000,000000	0,000000	-3000,000000	3000,000000	0,000000	-3000,000000	3000,000000	0,000000	-3000,000000	3000,000000	0,000000	-3000,000000	3000,000000	0,000000	-3000,000000	3000,000000	0,000000	-3000,000000	3000,000000	0,000000	-3000,000000	3000,000000	0,000000	-3000,000000	3000,000000	0,000000	-3000,000000	3000,000000	0,000000	-3000,000000	3000,000000	0,000000	-3000,000000
102	3000,000000	0,000000	-3000,000000	3000,000000	0,000000	-3000,000000	3000,000000	0,000000	-3000,000000	3000,000000	0,000000	-3000,000000	3000,000000	0,000000	-3000,000000	3000,000000	0,000000	-3000,000000	3000,000000	0,000000	-3000,000000	3000,000000	0,000000	-3000,000000	3000,000000	0,000000	-3000,000000	3000,000000	0,000000	-3000,000000	3000,000000	0,000000	-3000,000000	3000,000000	0,000000	-3000,000000	3000,000000	0,000000	-3000,000000
103	3000,000000	0,000000	-3000,000000	3000,000000	0,000000	-3000,000000	3000,000000	0,000000	-3000,000000	3000,000000	0,000000	-3000,000000	3000,000000	0,000000	-3000,000000	3000,000000	0,000000	-3000,000000	3000,000000	0,000000	-3000,000000	3000,000000	0,000000	-3000,000000	3000,000000	0,000000	-3000,000000	3000,000000	0,000000	-3000,000000	3000,000000	0,000000	-3000,000000	3000,000000	0,000000	-3000,000000	3000,000000	0,000000	-3000,000000
104	3000,000000	0,000000	-3000,000000	3000,000000	0,000000	-3000,000000	3000,000000	0,000000	-3000,000000	3000,000000	0,000000	-3000,000000	3000,000000	0,000000	-3000,000000	3000,000000	0,000000	-3000,000000	3000,000000	0,000000	-3000,000000	3000,000000	0,000000	-3000,000000	3000,000000	0,000000	-3000,000000	3000,000000	0,000000	-3000,000000	3000,000000	0,000000	-3000,000000	3000,000000	0,000000	-3000,000000	3000,000000	0,000000	-3000,000000
105	3000,000000	0,000000	-3000,000000	3000,000000	0,000000	-3000,000000	3000,000000	0,000000	-3000,000000	3000,000000	0,000000	-3000,000000	3000,000000	0,000000	-3000,000000	3000,000000	0,000000	-3000,000000	3000,000000	0,000000	-3000,000000	3000,000000	0,000000	-3000,000000	3000,000000	0,000000	-3000,000000	3000,000000	0,000000	-3000,000000	3000,000000	0,000000	-3000,000000	3000,000000	0,000000	-3000,000000	3000,000000	0,000000	-3000,000000
106	3000,000000	0,000000	-3000,000000	3000,000000	0,000000	-3000,000000	3000,000000	0,000000	-3000,000000	3000,000000	0,000000	-3000,000000	3000,000000	0,000000	-3000,000000	3000,000000	0,000000	-3000,000000	3000,000000	0,000000	-3000,000000	3000,000000	0,000000	-3000,000000	3000,000000	0,000000	-3000,000000	3000,000000	0,000000	-3000,000000	3000,000000	0,000000	-3000,000000	3000,000000	0,000000	-3000,000000	3000,000000	0,000000	-3000,000000
107	3000,000000	0,000000	-3000,000000	3000,000000	0,000000	-3000,000000	3000,000000	0,000000	-3000,000000	3000,000000	0,000000	-3000,000000	3000,000000	0,000000	-3000,000000	3000,000000	0,000000	-3000,000000	3000,000000	0,000000	-3000,000000	3000,000000	0,000000	-3000,000000	3000,000000	0,000000	-3000,000000	3000,000000	0,000000	-3000,000000	3000,000000	0,000000	-3000,000000	3000,000000	0,000000	-3000,000000	3000,000000	0,000000	-3000,000000
108	3000,000000	0,000000	-3000,000000	3000,000000	0,000000	-3000,000000	3000,000000	0,000000	-3000,000000	3000,000000	0,000000	-3000,000000	3000,000000	0,000000	-3000,000000	3000,000000	0,000000	-3000,000000	3000,000000	0,000000	-3000,000000	3000,000000	0,000000	-3000,000000	3000,000000	0,000000	-3000,000000	3000,000000	0,000000	-3000,000000	3000,000000	0,000000	-3000,000000	3000,000000	0,000000	-3000,000000	3000,000000	0,000000	-3000,000000
109	3000,000000	0,000000	-3000,000000	3000,000000	0,000000	-3000,000000	3000,000000	0,000000	-3000,000000	3000,000000	0,000000	-3000,000000	3000,000000	0,000000	-3000,000000	3000,000000	0,000000	-3000,000000	3000,000000	0,000000	-3000,000000	3000,000000	0,000000	-3000,000000	3000,000000	0,000000	-3000,000000	3000,000000	0,000000	-3000,000000	3000,000000	0,000000	-3000,000000	3000,000000	0,000000	-3000,000000	3000,000000	0,000000	-3000,000000
110	3000,000000	0,000000	-3000,000000	3000,000000	0,000000	-3000,000000	3000,000000	0,000000	-3000,000000	3000,000000	0,000000	-3000,000000	3000,000000	0,000000	-3000,000000	3000,000000	0,000000	-3000,000000	3000,000000	0,000000	-3000,000000	3000,000000	0,000000	-3000,000000	3000,000000	0,000000	-3000,000000	3000,000000	0,000000	-3000,000000	3000,000000	0,000000	-3000,000000	3000,000000	0,000000	-3000,000000	3000,000000	0,000000	-3000,000000
111	3000,000000	0,000000	-3000,000000	3000,000000	0,000000	-3000,000000	3000,000000	0,000000	-3000,000000	3000,000000	0,000000	-3000,000000	3000,000000	0,000000	-3000,000000	3000,000000	0,000000	-3000,000000	3000,000000	0,000000	-3000,000000	3000,000000	0,000000	-3000,000000	3000,000000	0,000000	-3000,000000	3000,000000	0,000000	-3000,000000	3000,000000	0,000000	-3000,000000	3000,000000	0,000000	-3000,000000	3000,000000	0,000000	-3000,000000
112	3000,000000	0,000000	-3000,000000	3000,000000	0,000000	-3000,000000	3000,000000	0,000000	-3000,000000	3000,000000	0,000000	-3000,000000	3000,000000	0,000000	-3000,000000	3000,000000	0,000000	-3000,000000	3000,000000	0,000000	-3000,000000	3000,000000	0,000000	-3000,000000	3000,000000	0,000000	-3000,000000	3000,000000	0,000000	-3000,000000	3000,000000	0,000000	-3000,000000	3000,000000	0,000000	-3000,000000	3000,000000	0,000000	-3000,000000
113	3000,000000	0,000000	-3000,000000	3000,000000	0,000000	-3000,000000	3000,000000	0,000000	-3000,000000	3000,000000	0,000000	-3000,000000	3000,000000	0,000000	-3000,000000	3000,000000	0,000000	-3000,000000	3000,000000	0,000000	-3000,000000	3000,000000	0,000000	-3000,000000	3000,000000	0,000000	-3000,000000	3000,000000	0,000000	-3000,000000	3000,000000	0,000000	-3000,000000	3000,000000	0,000000	-3000,000000	3000,000000	0,000000	-3000,000000
114	3000,000000	0,000000	-3000,000000	3000,000000	0,000000	-3000,000000	3000,000000	0,000000	-3000,000000	3000,000000	0,000000	-3000,000000	3000,000000	0,000000	-3000,000000	3000,000000	0,000000	-3000,000000	3000,000000	0,000000	-3000,000000	3000,000000	0,000000	-3000,000000	3000,000000	0,000000	-3000,000000	3000,000000	0,000000	-3000,000000	3000,000000	0,000000	-3000,000000	3000,000000	0,000000	-3000,000000	3000,000000	0,000000	-3000,000000
115	3000,000000	0,000000	-3000,000000	3000,000000	0,000000	-3000,000000	3000,000000	0,000000	-3000,000000	3000,000000	0,000000	-3000,000000	3000,000000	0,000000	-3000,000000	3000,000000	0,000000	-3000,000000	3000,000000	0,000000	-3000,000000	3000,000000	0,000000	-3000,000000	3000,000000	0,000000	-3000,000000	3000,000000	0,000000	-3000,000000	3000,000000	0,000000	-3000,000000	3000,000000	0,000000	-3000,000000	3000,000000	0,000000	-3000,000000
116	3000,000000	0,000000	-3000,000000	3000,000000	0,000000	-3000,000000	3000,000000	0,000000	-3000,000000	3000,000000	0,000000	-3000,000000	3000,000000	0,000000	-3000,000000	3000,000000	0,000000	-3000,000000	3000,000000	0,000000	-3000,000000	3000,000000	0,000000	-3000,000000	3000,000000	0,000000	-3000,000000	3000,000000	0,000000	-3000,000000	3000,000000	0,000000	-3000,000000	3000,000000	0,000000	-3000,000000	3000,000000	0,000000	-3000,000000
117	3000,000000	0,000000	-3000,000000	3000,000000	0,000000	-3000,000000	3000,000000	0,000000	-3000,000000	3000,000000	0,000000	-3000,000000	3000,000000	0,000000	-3000,000000	3000,000000	0,000000	-3000,000000	3000,000000	0,000000	-3000,000000	3000,000000	0,000000	-3000,000000	3000,000000	0,000000	-3000,000000	3000,000000	0,000000	-3000,000000	3000,000000	0,000000	-3000,000000	3000,000000	0,000000	-3000,000000	3000,000000	0,000000	-3000,000000
118	3000,000000	0,000000	-3000,000000	3000,000000	0,000000	-3000,000000	3000,000000	0,000000	-3000,000000	3000,000000	0,000000	-3000,000000	3000,000000	0,000000	-3000,000000	3000,000000	0,000000	-3000,000000	3000,000000	0,000000	-3000,000000	3000,000000	0,000000	-3000,000000	3000,000000	0,000000	-3000,000000	3000,000000	0,000000	-3000,000000	3000,000000	0,000000	-3000,000000	3000,000000	0,000000	-3000,000000	3000,000000	0,000000	-3000,000000
119	3000,000000	0,000000	-3000,000000	3000,000000	0,000000	-3000,000000	3000,000000	0,000000	-3000,000000	3000,000000	0,000000	-3000,000000	3000,000000	0,000000	-3000,000000	3000,000000	0,000000	-3000,000000	3000,000000	0,000000	-3000,000000	3000,000000	0,000000	-3000,000000	3000,000000	0,000000	-3000,000000	3000,000000	0,000000	-3000,000000	3000,000000	0,000000	-3000,000000	3000,000000	0,000000	-3000,000000	3000,000000	0,000000	-3000,000000
120	3000,000000	0,000000	-3000,000000	3000,000000	0,000000	-3000,000000	3000,000000	0,000000	-3000,000000	3000,000000	0,000000	-3000,000000	3000,000000	0,000000	-3000,000000	3000,000000	0,000000	-3000,000000	3000,000000	0,000000	-3000,000000	3000,000000	0,000000	-3000,000000	3000,000000	0,000000	-3000,000000	3000,000000	0,000000	-3000,000000	3000,000000	0,000000	-3000,000000	3000,000000	0,000000	-3000,000000	3000,000000	0,000000	-3000,000000
121	3000,000000	0,000000	-3000,000000	3000,000000	0,000000	-3000,000000	3000,000000	0,000000	-3000,000000	3000,000000	0,000000	-3000,000000	3000,000000	0,000000	-3000,000000	3000,000000	0,000000	-3000,000000	3000,000000	0,000000	-3000,000000	3000,000000	0,000000	-3000,000000	3000,000000	0,000000	-3000,000000	3000,000000	0,000000	-3000,000000	3000,000000	0,000000	-3000,000000	3000,000000	0,000000	-3000,000000	3000,000000	0,000000	-3000,000000
122	3000,000000	0,000000	-3000,000000	3000,000000	0,000000	-3000,000000	3000,000000	0,000000	-3000,000000	3000,000000	0,000000	-3000,000000	3000,000000	0,000000	-3000,000000	3000,000000	0,000000	-3000,000000	3000,000000	0,000000	-3000,000000	3000,000000	0,000000	-3000,000000	3000,000000	0,000000	-3000,000000	3000,000000	0,000000	-3000,000000	3000,000000	0,000000	-3000,000000	3000,000000	0,000000	-3000,000000	3000,000000	0,000000	-3000,000000
123	3000,000000	0,000000	-3000,000000	3000,000000	0,000000	-3000,000000	3000,000000	0,000000	-3000,000000	3000,000000	0,000000	-3000,000000	3000,000000	0,000000	-3000,000000	3000,000000	0,000000	-3000,000000	3000,000000	0,000000	-3000,000000	3000,000000	0,000000	-3000,000000	3000,000000	0,000000	-3000,000000	3000,000000	0,000000	-3000,000000	3000,000000	0,000000	-3000,000000	3000,000000	0,000000	-3000,000000	3000,000000	0,000000	-3000,000000
124	3000,000000	0,000000	-3000,000000	3000,000000	0,000000	-3000,000000	3000,000000	0,000000	-3000,000000	3000,000000	0,000000	-3000,000000	3000,000000	0,000000	-3000,000000	3000,000000	0,000000	-3000,000000	3000,000000	0,000000	-3000,000000	3000,000000	0,000000	-3000,000000	3000,000000	0,000000	-3000,000000	3000,000000	0,000000	-3000,000000	3000,000000	0,000000	-3000,000000	3000,000000	0,000000	-3000,000000	3000,000000	0,000000	-3000,000000
125	3000,000000	0,000000	-3000,000000	3000,000000	0,000000	-3000,000000	3000,000000	0,000000	-3000,000000	3000,000000	0,000000	-3000,000000	3000,000000	0,000000	-3000,000000	3000,000000	0,000000	-3000,000000	3000,000000	0,000000	-3000,000000	3000,000000	0,000000	-3000,000000	3000,000000	0,000000	-3000,000000	3000,000000	0,000000	-3000,000000	3000,000000	0,000000	-3000,000000	3000,000000	0,000000	-3000,000000	3000,000000	0,000000	-3000,000000
126	3000,000000	0,000000	-3000,000000	3000,000000	0,000000	-3000,000000	3000,000000	0,000000	-3000,000000	3000,000000	0,000000	-3000,000000	3000,000000	0,000000	-3000,000000	3000,000000	0,000000	-3000,000000	3000,000000	0,000000	-3000,000000	3000,000000	0,000000	-3000,000000	3000,000000	0,000000	-3000,000000	3000,000000	0,000000	-3000,000000	3000,000000	0,000000	-3000,000000	3000,000000	0,000000	-3000,000000	3000,000000	0,000000	-3000,000000
127	3000,000000	0,000000	-3000,000000	3000,000000	0,000000	-3000,000000	3000,000000	0,000000	-3000,000000	3000,000000	0,000000	-3000,000000	3000,000000	0,000000	-3000,000000	3000,000000	0,000000	-3000,000000	3000,000000	0,000000	-3000,000000	3000,000000	0,000000	-3000,000000	3000,000000	0,000000	-3000,000000	3000,000000	0,000000	-3000,000000	3000,000000	0,000000	-3000,000000	3000,000000	0,000000	-3000,000000	3000,000000	0,000000	-3000,000000
128	3000,000000	0,000000	-3000,000000	3000,000000	0,000000	-3000,000000	3000,000000	0,000000	-3000,000000	3000,000000	0,000000	-3000,000000	3000,000000	0,000000	-3000,000000	3000,000000	0,000000	-3000,000000	3000,000000	0,000000	-3000,000000	3000,000000	0,000000	-3000,000000	3000,000000	0,000000	-3000,000000	3000,000000	0,000000	-3000,000000	3000,000000	0,000000	-3000,000000	3000,000000	0,000000	-3000,000000	3000,000000	0,000000	-3000,000000
129	3000,000000	0,000000	-3000,000000	3000,000000	0,000000	-3000,000000	3000,000000	0,000000	-3000,000000	3000,000000	0,000000	-3000,000000	3000,000000	0,000000	-3000,000000	3000,000000	0,000000	-3000,000000	3000,000000	0,000000	-3000,000000	3000,000000	0,000000	-3000,000000	3000,000000	0,000000	-3000,000000	3000,000000	0,000000	-3000,000000	3000,000000	0,000000	-3000,000000	3000,000000	0,000000	-3000,000000	3000,000000	0,000000	-3000,000000
130	3000,000000	0,000000	-3000,000000	3000,000000	0,000000	-3000,000000	3000,000000	0,000000	-3000,000000	3000,000000	0,000000	-3000,000000	3000,000000	0,000000	-3000,000000	3000,000000	0,000000	-3000,000000	3000,000000	0,000000	-3000,000000	3000,000000	0,000000	-3000,000000	3000,000000	0,000000	-3000,000000	3000,000000	0,000000	-3000,000000	3000,000000	0,000000	-3000,000000	3000,000000	0,000000	-3000,000000	3000,000000	0,000000	-3000,000000
131	3000,000000	0,000000	-3000,000000	3000,000000	0,000000	-3000,000000	3000,000000	0,000000	-3000,000000	3000,000000	0,000000	-3000,000000	3000,000000	0,000000	-3000,000000	3000,000000	0,000000	-3000,000000	3000,000000	0,000000	-3000,000000	3000,000000	0,000000	-3000,000000	3000,000000	0,000000	-3000,000000	3000,000000	0,000000	-3000,000000	3000,000000	0,000000	-3000,000000	3000,000000	0,000000	-3000,000000	3000,000000	0,000000	-3000,000000
132	3000,000000	0,000000	-3000,000000	3000,000000	0,000000	-3000,000000	3000,000000	0,000000	-3000,000000	3000,000000	0,000000	-3000,000000	3000,000000	0,000000	-3000,000000	3000,000000	0,000000	-3000,000000	3000,000000	0,000000	-3000,000000	3000,000000	0,000000	-3000,000000	3000,000000	0,000000	-3000,000000	3000,000000	0,000000	-3000,000000	3000,000000	0,000000	-3000,000000	3000,000000	0,000000	-3000,000000	3000,000000	0,000000	-3000,000000
133	3000,000000	0,000000	-3000,000000	3000,000000	0,000000	-3000,000000	3000,000000	0,000000	-3000,000000	3000,000000	0,000000	-3000,000000	3000,000000	0,000000	-3000,000000	3000,000000	0,000000	-3000,000000	3000,000000	0,000000	-3000,000000	3000,000000	0,000000	-3000,000000	3000,000000	0,000000	-3000,000000	3000,000000	0,000000	-3000,000000	3000,000000	0,000000	-3000,000000	3000,000000	0,000000	-3000,000000	3000,000000	0,000000	-3000,000000
134	3000,000000	0,000000	-3000,000000	3000,000000	0,000000	-3000,000000	3000,000000	0,000000	-3000,000000	3000,000000	0,000000	-3000,000000	3000,000000	0,000000	-3000,000000	3000,000000	0,000000	-3000,000000	3000,000000	0,000000	-3000,000000	3000,000000	0,000000	-3000,000000	3000,000000	0,000000	-3000,000000	3000,000000	0,000000	-3000,000000	3000,000000	0,000000	-3000,000000	3000,000000	0,000000	-3000,000000	3000,000000	0,000000	-3000,000000
135	3000,000000	0,000000	-3000,000000	3000,000000	0,000000	-3000,000000	3000,000000	0,000000	-3000,000000	3000,000000	0,000000	-3000,000000	3000,000000	0,000000	-3000,000000	3000,000000	0,000000	-3000,000000	3000,000000	0,000000	-3000,000000	3000,000000	0,000000	-3000,000000	3000,000000	0,000000	-3000,000000	3000,000000	0,000000	-3000,000000	3000,000000	0,000000	-3000,000000	3000,000000	0,000000	-3000,000000	3000,000000	0,000000	-3000,000000
136	3000,000000	0,000000	-3000,000000	3000,000000	0,000000	-3000,000000	3000,000000	0,000000	-3000,000000	3000,000000	0,000000	-3000,000000	3000,000000	0,000000	-3000,000000	3000,000000	0,000000	-3000,000000	3000,000000	0,000000	-3000,000000	3000,000000	0,000000	-3000,000000	3000,000000	0,000000	-3000,000000	3000,000000	0,000000	-3000,000000	3000,000000	0,000000	-3000,000000	3000,000000	0,000000	-3000,000000	3000,000000	0,000000	-3000,000000
137	3000,000000	0,000000	-3000,000000	3000,000000	0,000000	-3000,000000	3000,000000	0,000000	-3000,000000	3000,000000	0,000000	-3000,000000	3000,000000	0,000000	-3000,000000	3000,000000	0,000000	-3000,000000	3000,000000	0,000000	-3000,000000	3000,000000	0,000000	-3000,000000	3000,000000	0,000000	-3000,000000	3000,000000	0,000000	-3000,000000	3000,000000	0,000000	-3000,000000	3000,000000	0,000000	-3000,000000	3000,000000	0,000000	-3000,000000
138	3000,000000	0,000000	-3000,000000	3000,000000	0,000000	-3000,000000	3000,000000	0,000000	-3000,000000	3000,000000	0,000000	-3000,000000	3000,000000	0,000000	-3000,000000	3000,000000	0,000000	-3000,000000	3000,000000	0,000000	-3000,000000	3000,000000	0,000000	-3000,000000	3000,000000	0,000000	-3000,000000	3000,000000	0,000000	-3000,000000	3000,000000	0,000000	-3000,000000	3000,000000	0,000000	-3000,000000	3000,000000	0,000000	-3000,000000
139	3000,000000	0,000000	-3000,000000	3000,000000	0,000000	-3000,000000	3000,000000	0,000000	-3000,000000	3000,000000	0,000000	-3000,000000	3000,000000	0,000000	-3000,000000	3000,000000	0,000000	-3000,000000	3000,000000	0,000000	-3000,000000	3000,000000	0,000000	-3000,000000	3000,000000	0,000000	-3000,000000	3000,000000	0,000000	-3000,000000	3000,000000	0,000000	-3000,000000	3000,000000	0,000000	-3000,000000	3000,000000	0,000000	-3000,000000
140	3000,000000	0,000000	-3000,000000	3000,000000	0,000000	-3000,000000	3000,000000	0,000000	-3000,000000	3000,000000	0,000000	-3000,000000	3000,000000	0,000000	-3000,000000	3000,000000	0,000000	-3000,000000	3000,000000	0,000000	-3000,000000	3000,000000	0,000000	-3000,000000	3000,000000	0,000000	-3000,000000	3000,000000	0,000000	-3000,000000	3000,000000	0,000000	-3000,000000	3000,000000	0,000000	-3000,000000	3000,000000	0,000000	-3000,000000
141	3000,000000	0,000000	-3000,000000	3000,000000	0,000000	-3000,000000	3000,000000	0,000000	-3000,000000	3000,000000	0,000000	-3000,000000	3000,000000	0,000000	-3000,000000	3000,000000	0,000000	-3000,000000	3000,000000	0,000000	-3000,000000	3000,000000	0,000000	-3000,000000	3000,000000	0,000000	-3000,000000	3000,000000	0,000000	-3000,000000	3000,000000	0,000000	-3000,000000	3000,000000	0,000000	-3000,000000	3000,000000	0,000000	-3000,000000
142	3000,000000	0,000000	-3000,000000	3000,000000	0,000000	-3000,000000	3000,000000	0,000000	-3000,000000	3000,000000	0,000000	-3000,000000	3000,000000	0,000000	-3000,000000	3000,000000	0,000000	-3000,000000	3000,000000	0,000000	-3000,000000	3000,000000	0,000000	-3000,000000	3000,000000	0,000000	-3000,000000	3000,000000	0,000000	-3000,000000	3000,000000	0,000000	-3000,000000	3000,000000	0,000000	-3000,000000	3000,000000	0,000000	-3000,000000
143	3000,000000	0,000000	-3000,000000	3000,000000	0,000000	-3000,000000	3000,000000	0,000000	-3000,000000	3000,000000	0,000000	-3000,000000	3000,000000	0,000000	-3000,000000	3000,000000	0,000000	-3000,000000	3000,000000	0,000000	-3000,000000	3000,000000	0,000000	-3000,000000	3000,000000	0,000000	-3000,000000	3000,000000	0,000000	-3000,000000	3000,000000	0,000000	-3000,000000	3000,000000	0,000000	-3000,000000	3000,000000	0,000000	-3000,000000
144	3000,000000	0,000000	-3000,000000	3000,000000	0,000000	-3000,000000	3000,000000	0,000000	-3000,000000	3000,000000	0,000000	-3000,000000	3000,000000	0,000000	-3000,000000	3000,000000	0,000000	-3000,000000	3000,000000	0,000000	-3000,000000	3000,000000	0,000000	-3000,000000	3000,000000	0,000000	-3000,000000	3000,000000	0,000000	-3000,000000	3000,000000	0,000000	-3000,000000	3000,000000	0,000000	-3000,000000	3000,000000	0,000000	-3000,000000
145	3000,000000	0,000000	-3000,000000	3000,000000	0,000000	-3000,000000	3000,000000	0,000000	-3000,000000	3000,000000	0,000000	-3000,000000	3000,000000	0,000000	-3000,000000	3000,000000	0,000000	-3000,000000	3000,000000	0,000000	-3000,000000	3000,000000	0,000000	-3000,000000	3000,000000	0,000000	-3000,000000	3000,000000	0,000000	-3000,000000	3000,000000	0,000000	-3000,000000	3000,000000	0,000000	-3000,000000	3000,000000	0,000000	-3000,000000
146	3000,000000	0,000000	-3000,000000	3000,000000	0,000000	-3000,000000	3000,000000	0,000000	-3000,000000	3000,000000	0,000000	-3000,000000	3000,000000	0,000000	-3000,000000	3000,000000	0,000000	-3000,000000	3000,000000	0,000000	-3000,000000	3000,000000	0,000000	-3000,000000	3000,000000	0,000000	-3000,000000	3000,000000	0,000000	-3000,000000	3000,000000	0,000000	-3000,000000	3000,000000	0,000000	-3000,000000	3000,000000	0,000000	-3000,000000
147	3000,000000	0,000000	-3000,000000	3000,000000	0,000000	-3000,000000	3000,000000	0,000000	-3000,000000	3000,000000	0,000000	-3000,000000	3000,000000	0,000000	-3000,000000	3000,000000	0,000000	-3000,000000	3000,000000	0,000000	-3000,000000	3000,000000	0,000000	-3000,000000	3000,000000	0,000000	-3000,000000	3000,000000	0,000000	-3000,000000	3000,000000	0,000000	-3000,000000	3000,000000	0,000000	-3000,000000	3000,000000	0,000000	-3000,000000
148	3000,000000	0,000000	-3000,000000	3000,000000	0,000000	-3000,000000	3000,000000	0,000000	-3000,000000	3000,000000	0,000000	-3000,000000	3000,000000	0,000000	-3000,000000	3000,000000	0,000000	-3000,000000	3000,000000	0,000000	-3000,000000	3000,000000	0,000000	-3000,000000	3000,000000	0,000000	-3000,000000	3000,000000	0,000000	-3000,000000	3000,000000	0,000000	-3000,000000	3000,000000	0,000000	-3000,000000	3000,000000	0,000000	-3000,000000
149	3000,000000	0,000000	-3000,000000	3000,000000	0,000000	-3000,000000	3000,000000	0,000000	-3000,000000	3000,000000	0,000000	-3000,000000	3000,000000	0,000000	-3000,000000	3000,000000	0,000000	-3000,000000	3000,000000	0,000000	-3000,000000	3000,000000	0,000000	-3000,000000	3000,000000	0,000000	-3000,000000	3000,000000	0,000000	-3000,000000	3000,000000	0,000000	-3000,000000	3000,000000	0,000000	-3000,000000	3000,000000	0,000000	-3000,000000
150	3000,000000	0,000000	-3000,000000	3000,000000	0,000000	-3000,000000	3000,000000	0,000000	-3000,000000	3000,000000	0,000000	-3000,000000	3000,000000	0,000000	-3000,000000	3000,000000	0,000000	-3000,000000	3000,000000	0,000000	-3000,000000	3000,000000	0,000000	-3000,000000	3000,000000	0,000000	-3000,000000	3000,000000	0,000000	-3000,000000	3000,000000	0,000000	-3000,000000	3000,000000	0,000000	-3000,000000	3000,000000	0,000000	-3000,000000
151	3000,000000	0,000000	-3000,000000	3000,000000	0,000000	-3000,000000	3000,000000	0,000000	-3000,000000	3000,000000	0,000000	-3000,000000	3000,000000	0,000000	-3000,000000	3000,000000	0,000000	-3000,000000	3000,000000	0,000000	-3000,000000	3000,000000	0,000000	-3000,000000	3000,000000	0,000000	-3000,000000	3000,000000	0,000000	-3000,000000	3000,000000	0,000000	-3000,000000	3000,000000	0,000000	-3000,000000	3000,000000	0,000000	-3000,000000
