	3D Point 117:LA			3D Point 117:RA		
Frame	x	y	z	x	y	z
1	9,427175	-3,219255	31,262436	-9,427175	3,219255	-31,262436
2	9,236865	-3,200127	31,298581	-9,835609	4,374953	-29,206769
3	9,245019	-3,184083	31,388461	-10,232187	5,759290	-27,013599
4	9,279469	-3,215937	31,379495	-10,580304	7,279089	-24,401686
5	9,296220	-3,212177	31,347577	-10,924085	8,654078	-21,278494
6	9,265127	-3,298503	31,443124	-11,202371	9,917966	-17,875130
7	9,270483	-3,291048	31,430954	-11,390724	11,056532	-14,365231
8	9,259235	-3,296603	31,433725	-11,493832	11,963638	-10,690215
9	9,254979	-3,298185	31,434888	-11,507619	12,608829	-6,722383
10	9,264653	-3,296598	31,428052	-11,515044	12,949669	-2,587216
11	9,275133	-3,287534	31,425763	-11,531503	12,960477	1,703493
12	9,284415	-3,279367	31,430103	-11,540912	12,606178	6,109167
13	9,293707	-3,267065	31,431720	-11,481676	11,949353	10,640545
14	9,290778	-3,256205	31,430649	-11,380201	11,004852	15,384842
15	9,279675	-3,231628	31,433130	-11,267894	9,756703	20,313107
16	9,284776	-3,202041	31,429654	-11,155827	8,251397	25,468445
17	9,309162	-3,174375	31,429639	-11,019763	6,665073	30,735187
18	9,276887	-3,143403	31,453610	-10,976923	4,994713	36,232339
19	9,255382	-3,095848	31,470825	-10,930752	3,283340	41,930847
20	9,232978	-3,051411	31,494653	-10,935588	1,702401	47,700208
21	9,220085	-3,001519	31,518365	-11,033865	0,310899	53,514313
22	9,192117	-2,945950	31,538022	-11,111173	-0,838609	59,435034
23	9,132692	-2,892233	31,586096	-11,210471	-1,616407	65,314722
24	9,096774	-2,796762	31,616425	-11,337737	-1,938321	70,988483
25	9,020536	-2,690635	31,668716	-11,375555	-1,930997	76,348462
26	8,933556	-2,541264	31,737848	-11,279561	-1,611727	81,217804
27	8,842793	-2,353755	31,848038	-11,180963	-1,246048	85,292535
28	8,794756	-2,114396	31,995816	-11,112085	-0,955346	88,742883
29	8,781547	-1,774909	32,165472	-10,935538	-0,902031	91,229608
30	8,850072	-1,409369	32,397531	-10,629456	-1,312624	92,762933
31	8,973595	-0,923282	32,676813	-10,375637	-1,936352	93,557050
32	9,142596	-0,338080	33,005231	-10,174690	-2,694543	93,896667
33	9,310280	0,289103	33,413257	-9,873640	-3,133531	94,223627
34	9,531381	1,047888	33,978372	-10,006815	-2,675435	95,827264
35	9,703558	1,926036	34,767889	-10,035229	-3,064686	96,564838
36	9,833418	2,938400	35,731976	-9,829814	-2,812399	96,458429
37	9,946830	4,052534	37,002609	-9,725330	-2,709667	96,849683
38	9,978175	5,203724	38,758124	-9,671403	-2,817092	96,970123
39	9,993626	6,358761	40,849518	-9,611443	-2,712980	96,958307
40	9,998132	7,568606	43,073169	-9,606125	-2,781034	96,981219
41	10,005883	8,830331	45,617499	-9,618217	-2,774116	96,954541
42	9,959417	10,080360	48,498587	-9,651577	-2,797072	96,940686
43	9,853790	11,215361	51,712030	-9,696590	-2,813474	96,935431
44	9,716281	12,162767	55,106415	-9,714209	-2,825771	96,891211
45	9,539668	12,920461	58,590234	-9,723516	-2,837746	96,844629
46	9,350168	13,408189	62,246259	-9,726868	-2,837495	96,801819
47	9,190025	13,575722	66,093018	-9,737844	-2,839776	96,776001
48	9,029310	13,449062	70,115979	-9,766682	-2,844329	96,761847
49	8,864855	13,092168	74,228296	-9,790752	-2,840054	96,760004
50	8,721918	12,474757	78,558893	-9,800076	-2,828753	96,757764
51	8,593397	11,412084	83,148877	-9,802766	-2,815941	96,750195
52	8,484081	10,276206	87,827106	-9,810867	-2,799176	96,739215
53	8,373643	8,936456	92,763550	-9,819583	-2,783681	96,731659
54	8,326206	7,478427	97,891412	-9,824884	-2,759130	96,729663
55	8,301196	5,953717	103,199121	-9,818468	-2,739699	96,734918
56	8,321703	4,498465	108,636462	-9,802538	-2,713489	96,745172
57	8,375291	3,091251	114,210510	-9,777996	-2,686543	96,760205
58	8,808195	2,162972	119,550061	-9,750269	-2,649821	96,772723
59	8,497989	0,672608	125,661536	-9,717533	-2,607015	96,792175
60	8,614832	-0,054375	131,400317	-9,674093	-2,551229	96,838629
61	8,812492	-0,411471	137,125220	-9,643050	-2,489651	96,905139
62	9,046069	-0,322833	142,695679	-9,592197	-2,393131	97,002777
63	9,226080	0,189814	147,778040	-9,514796	-2,266403	97,081592
64	9,338143	0,813533	152,405688	-9,453556	-2,061291	97,160876
65	9,416801	1,406094	156,315320	-9,432447	-1,810917	97,266791
66	9,461272	1,680432	159,179272	-9,454766	-1,507916	97,404022
67	9,571266	1,426182	160,989001	-9,542043	-1,176199	97,592468
68	9,706684	0,878895	161,940649	-9,687942	-0,781538	97,823358
69	3000,000000	0,000000	-3000,000000	3000,000000	0,000000	-3000,000000
70	3000,000000	0,000000	-3000,000000	3000,000000	0,000000	-3000,000000
71	3000,000000	0,000000	-3000,000000	3000,000000	0,000000	-3000,000000
72	3000,000000	0,000000	-3000,000000	3000,000000	0,000000	-3000,000000
73	3000,000000	0,000000	-3000,000000	3000,000000	0,000000	-3000,000000
74	3000,000000	0,000000	-3000,000000	3000,000000	0,000000	-3000,000000
75	3000,000000	0,000000	-3000,000000	3000,000000	0,000000	-3000,000000
76	3000,000000	0,000000	-3000,000000	3000,000000	0,000000	-3000,000000
77	3000,000000	0,000000	-3000,000000	3000,000000	0,000000	-3000,000000
78	3000,000000	0,000000	-3000,000000	3000,000000	0,000000	-3000,000000
79	3000,000000	0,000000	-3000,000000	3000,000000	0,000000	-3000,000000
80	3000,000000	0,000000	-3000,000000	3000,000000	0,000000	-3000,000000
81	3000,000000	0,000000	-3000,000000	3000,000000	0,000000	-3000,000000
82	3000,000000	0,000000	-3000,000000	3000,000000	0,000000	-3000,000000
83	3000,000000	0,000000	-3000,000000	3000,000000	0,000000	-3000,000000
84	3000,000000	0,000000	-3000,000000	3000,000000	0,000000	-3000,000000
85	3000,000000	0,000000	-3000,000000	3000,000000	0,000000	-3000,000000
86	3000,000000	0,000000	-3000,000000	3000,000000	0,000000	-3000,000000
87	3000,000000	0,000000	-3000,000000	3000,000000	0,000000	-3000,000000
88	3000,000000	0,000000	-3000,000000	3000,000000	0,000000	-3000,000000
89	3000,000000	0,000000	-3000,000000	3000,000000	0,000000	-3000,000000
90	3000,000000	0,000000	-3000,000000	3000,000000	0,000000	-3000,000000
91	3000,000000	0,000000	-3000,000000	3000,000000	0,000000	-3000,000000
92	3000,000000	0,000000	-3000,000000	3000,000000	0,000000	-3000,000000
93	3000,000000	0,000000	-3000,000000	3000,000000	0,000000	-3000,000000
94	3000,000000	0,000000	-3000,000000	3000,000000	0,000000	-3000,000000
95	3000,000000	0,000000	-3000,000000	3000,000000	0,000000	-3000,000000
96	3000,000000	0,000000	-3000,000000	3000,000000	0,000000	-3000,000000
97	3000,000000	0,000000	-3000,000000	3000,000000	0,000000	-3000,000000
98	3000,000000	0,000000	-3000,000000	3000,000000	0,000000	-3000,000000
99	3000,000000	0,000000	-3000,000000	3000,000000	0,000000	-3000,000000
100	3000,000000	0,000000	-3000,000000	3000,000000	0,000000	-3000,000000
101	3000,000000	0,000000	-3000,000000	3000,000000	0,000000	-3000,000000
102	3000,000000	0,000000	-3000,000000	3000,000000	0,000000	-3000,000000
103	3000,000000	0,000000	-3000,000000	3000,000000	0,000000	-3000,000000
104	3000,000000	0,000000	-3000,000000	3000,000000	0,000000	-3000,000000
105	3000,000000	0,000000	-3000,000000	3000,000000	0,000000	-3000,000000
106	3000,000000	0,000000	-3000,000000	3000,000000	0,000000	-3000,000000
107	3000,000000	0,000000	-3000,000000	3000,000000	0,000000	-3000,000000
108	3000,000000	0,000000	-3000,000000	3000,000000	0,000000	-3000,000000
109	3000,000000	0,000000	-3000,000000	3000,000000	0,000000	-3000,000000
110	3000,000000	0,000000	-3000,000000	3000,000000	0,000000	-3000,000000
111	3000,000000	0,000000	-3000,000000	3000,000000	0,000000	-3000,000000
112	3000,000000	0,000000	-3000,000000	3000,000000	0,000000	-3000,000000
113	3000,000000	0,000000	-3000,000000	3000,000000	0,000000	-3000,000000
114	3000,000000	0,000000	-3000,000000	3000,000000	0,000000	-3000,000000
115	3000,000000	0,000000	-3000,000000	3000,000000	0,000000	-3000,000000
116	3000,000000	0,000000	-3000,000000	3000,000000	0,000000	-3000,000000
117	3000,000000	0,000000	-3000,000000	3000,000000	0,000000	-3000,000000
118	3000,000000	0,000000	-3000,000000	3000,000000	0,000000	-3000,000000
119	3000,000000	0,000000	-3000,000000	3000,000000	0,000000	-3000,000000
120	3000,000000	0,000000	-3000,000000	3000,000000	0,000000	-3000,000000
121	3000,000000	0,000000	-3000,000000	3000,000000	0,000000	-3000,000000
122	3000,000000	0,000000	-3000,000000	3000,000000	0,000000	-3000,000000
123	3000,000000	0,000000	-3000,000000	3000,000000	0,000000	-3000,000000
124	3000,000000	0,000000	-3000,000000	3000,000000	0,000000	-3000,000000
125	3000,000000	0,000000	-3000,000000	3000,000000	0,000000	-3000,000000
126	3000,000000	0,000000	-3000,000000	3000,000000	0,000000	-3000,000000
127	3000,000000	0,000000	-3000,000000	3000,000000	0,000000	-3000,000000
128	3000,000000	0,000000	-3000,000000	3000,000000	0,000000	-3000,000000
129	3000,000000	0,000000	-3000,000000	3000,000000	0,000000	-3000,000000
130	3000,000000	0,000000	-3000,000000	3000,000000	0,000000	-3000,000000
131	3000,000000	0,000000	-3000,000000	3000,000000	0,000000	-3000,000000
132	3000,000000	0,000000	-3000,000000	3000,000000	0,000000	-3000,000000
133	3000,000000	0,000000	-3000,000000	3000,000000	0,000000	-3000,000000
134	3000,000000	0,000000	-3000,000000	3000,000000	0,000000	-3000,000000
135	3000,000000	0,000000	-3000,000000	3000,000000	0,000000	-3000,000000
136	3000,000000	0,000000	-3000,000000	3000,000000	0,000000	-3000,000000
137	3000,000000	0,000000	-3000,000000	3000,000000	0,000000	-3000,000000
138	3000,000000	0,000000	-3000,000000	3000,000000	0,000000	-3000,000000
139	3000,000000	0,000000	-3000,000000	3000,000000	0,000000	-3000,000000
140	3000,000000	0,000000	-3000,000000	3000,000000	0,000000	-3000,000000
141	3000,000000	0,000000	-3000,000000	3000,000000	0,000000	-3000,000000
142	3000,000000	0,000000	-3000,000000	3000,000000	0,000000	-3000,000000
143	3000,000000	0,000000	-3000,000000	3000,000000	0,000000	-3000,000000
144	3000,000000	0,000000	-3000,000000	3000,000000	0,000000	-3000,000000
145	3000,000000	0,000000	-3000,000000	3000,000000	0,000000	-3000,000000
146	3000,000000	0,000000	-3000,000000	3000,000000	0,000000	-3000,000000
147	3000,000000	0,000000	-3000,000000	3000,000000	0,000000	-3000,000000
148	3000,000000	0,000000	-3000,000000	3000,000000	0,000000	-3000,000000
149	3000,000000	0,000000	-3000,000000	3000,000000	0,000000	-3000,000000
150	3000,000000	0,000000	-3000,000000	3000,000000	0,000000	-3000,000000
151	3000,000000	0,000000	-3000,000000	3000,000000	0,000000	-3000,000000
