	3D Point Head  			3D Point 117:LS			3D Point 117:LE			3D Point LWRIST			3D Point 117:RS			3D Point 117:RE			3D Point RWRIST			3D Point LHIP  			3D Point RHIP  			3D Point 117:LK			3D Point 117:LA			3D Point 117:RK			3D Point 117:RA		
Frame	x	y	z	x	y	z	x	y	z	x	y	z	x	y	z	x	y	z	x	y	z	x	y	z	x	y	z	x	y	z	x	y	z	x	y	z	x	y	z
1	0,735990	155,358472	3,791697	21,151897	133,208813	4,079757	27,775327	100,062830	3,406203	25,952823	75,676257	9,506178	-18,955911	134,532092	7,878751	-28,933057	101,103949	13,845583	-23,941695	80,126605	27,925082	8,831197	88,747711	6,504788	-8,716586	88,719684	6,566295	12,728178	40,203482	28,609048	9,365421	-2,711470	31,970175	-13,896843	37,346936	-5,652561	-9,365421	2,711470	-31,970175
2	1,098604	155,611536	5,771342	21,393329	133,416528	6,076307	27,875366	100,255182	5,520959	26,065704	75,864203	11,499915	-18,680489	134,993420	9,864956	-28,629703	101,466614	15,369547	-23,642059	80,252948	29,083334	8,954779	89,094586	8,838356	-8,550228	88,927002	8,788046	12,772964	39,805609	29,948682	9,277605	-2,648778	32,451093	-14,269392	37,214090	-2,479898	-9,645817	3,774661	-30,394138
3	1,454487	155,962927	7,867989	21,624162	133,655078	8,047344	27,986398	100,479291	7,649141	26,165836	76,095355	13,573692	-18,403889	135,484106	11,835236	-28,336368	101,852185	16,835146	-23,347014	80,435492	30,198184	9,084079	89,644800	11,488670	-8,357836	89,162195	10,928302	12,707456	40,019037	32,101544	9,166315	-2,642709	32,546448	-14,659749	36,961362	0,994453	-10,031462	4,880648	-28,383157
4	1,806736	156,215820	9,802900	21,837465	133,900659	10,018370	28,153674	100,726672	9,754973	26,248828	76,343280	15,690463	-18,153276	135,964905	13,811945	-28,073941	102,233734	18,211131	-23,055542	80,636511	31,305930	9,260155	89,938556	13,646170	-8,204636	89,345734	12,948555	12,724441	40,018417	33,558911	9,078064	-2,609402	32,627448	-14,946970	36,555383	4,736728	-10,429368	6,189787	-26,225449
5	2,133620	156,480029	11,720905	22,040897	134,129053	11,980331	28,353711	100,955231	11,872485	26,303497	76,641180	17,992728	-17,908241	136,377527	15,737111	-27,855972	102,560620	19,545796	-22,779424	80,820026	32,431891	9,377940	90,224634	15,797740	-8,072483	89,506415	14,850783	12,846861	39,991260	34,738068	9,127144	-2,656535	32,643564	-15,132297	36,105423	8,665659	-10,783991	7,717554	-23,760063
6	2,443515	156,759302	13,627635	22,234030	134,351367	13,997815	28,578226	101,170825	14,007185	26,340631	76,907288	20,301219	-17,729141	136,730188	17,635941	-27,688885	102,830005	20,895828	-22,511943	80,967523	33,565002	9,496138	90,518365	17,871434	-7,940423	89,668463	16,647038	12,998422	39,867844	35,691138	9,132124	-2,654160	32,618518	-15,390837	35,885886	12,798473	-11,129265	9,112757	-20,739493
7	2,715166	157,027002	15,524715	22,401378	134,565796	16,022847	28,814334	101,389337	16,158008	26,356006	77,192432	22,647723	-17,622656	137,045264	19,410870	-27,541153	103,053955	22,278532	-22,262619	81,076526	34,714474	9,623444	90,811078	19,821263	-7,814587	89,878729	18,411707	13,127066	39,770560	36,526324	9,111277	-2,733754	32,707291	-15,557001	35,857797	16,844698	-11,414106	10,391965	-17,373958
8	2,961322	157,300513	17,433838	22,535283	134,779846	18,103052	29,042258	101,624670	18,367326	26,337497	77,512415	25,098412	-17,550456	137,308679	21,086139	-27,405383	103,263586	23,673335	-22,063330	81,170105	35,873865	9,763885	91,111078	21,677385	-7,664583	90,137659	20,137291	13,191440	39,671600	37,153625	9,123769	-2,729594	32,690833	-15,755315	36,101758	20,885387	-11,615547	11,540816	-13,883334
9	3,169103	157,580579	19,314308	22,648669	135,024402	20,217929	29,252475	101,874854	20,621484	26,332172	77,784680	27,424442	-17,523792	137,572510	22,561081	-27,264127	103,459436	25,042928	-21,907889	81,262518	37,054837	9,909176	91,398785	23,459134	-7,518609	90,422955	21,904488	13,213393	39,706604	37,940411	9,110079	-2,744582	32,706287	-15,923125	36,501828	24,837570	-11,723836	12,504460	-10,274780
10	3,337137	157,860156	21,190164	22,713916	135,307776	22,361461	29,442355	102,163177	22,920346	26,286371	78,132959	29,864056	-17,517770	137,847742	24,106935	-27,117819	103,687122	26,392844	-21,752905	81,372559	38,184351	10,064345	91,664655	25,170045	-7,383466	90,726025	23,663124	13,260692	39,580609	38,416498	9,104213	-2,736711	32,696579	-16,080724	37,083844	28,793921	-11,752399	13,201601	-6,339547
11	3,465080	158,139148	23,051338	22,749297	135,600427	24,512723	29,604855	102,499060	25,258774	26,203934	78,535632	32,381744	-17,504315	138,113550	25,566112	-26,986020	103,899890	27,655215	-21,666766	81,514948	39,308588	10,205172	91,897943	26,833331	-7,249236	91,022815	25,397697	13,312477	39,588879	39,013766	9,113826	-2,732951	32,688126	-16,140970	37,729843	32,624475	-11,764507	13,600223	-2,256058
12	3,562491	158,390173	24,895374	22,766061	135,914893	26,636475	29,717871	102,824170	27,664163	26,120944	78,904169	34,867709	-17,483272	138,367676	27,010907	-26,856177	104,119116	28,892868	-21,596133	81,666284	40,421564	10,332397	92,110577	28,494318	-7,131750	91,325787	27,123209	13,404826	39,479678	39,382324	9,121839	-2,732068	32,690744	-16,098344	38,384134	36,345465	-11,751994	13,692418	1,994226
13	3,624307	158,622974	26,730014	22,757040	136,252539	28,709952	29,793466	103,151587	30,067865	26,007971	79,446094	37,627454	-17,466800	138,598438	28,458691	-26,755237	104,303833	30,053128	-21,559813	81,811121	41,518066	10,442075	92,309540	30,153201	-7,015984	91,588910	28,815012	13,469278	39,497708	39,918100	9,128208	-2,720909	32,695306	-16,081633	39,119998	40,047516	-11,760414	13,395572	6,381418
14	3,655379	158,828540	28,548828	22,735686	136,562732	30,732913	29,886130	103,502063	32,502866	25,871204	79,880371	40,255426	-17,450488	138,765735	29,916946	-26,666330	104,445190	31,161029	-21,553377	81,921173	42,616769	10,535070	92,469043	31,790051	-6,928184	91,809076	30,488669	13,564946	39,393900	40,198480	9,136770	-2,711998	32,697446	-16,011316	39,841989	43,567581	-11,706195	12,799378	10,868822
15	3,665813	158,983398	30,385681	22,716315	136,850012	32,648712	29,954779	103,843860	34,893652	25,690759	80,310681	42,939163	-17,442735	138,890991	31,390219	-26,608932	104,537146	32,269025	-21,605054	81,980249	43,739893	10,601802	92,598547	33,439038	-6,851047	91,975476	32,165884	13,665031	39,371533	40,500006	9,137425	-2,698031	32,694193	-16,046147	40,599619	46,963351	-11,614342	11,897643	15,560300
16	3,648862	159,096155	32,194659	22,687201	137,090759	34,510938	29,957648	104,101831	37,326852	25,479344	80,735590	45,667130	-17,439528	138,934387	32,860242	-26,561838	104,566699	33,373169	-21,710274	82,003949	44,907730	10,635175	92,681433	35,075146	-6,809713	92,110162	33,848169	13,755995	39,368387	40,832678	9,123491	-2,674822	32,695642	-15,890274	41,249734	50,185852	-11,484930	10,703370	20,437790
17	3,617634	159,174402	33,987897	22,667542	137,283423	36,325879	29,965137	104,345496	39,754346	25,262161	81,125775	48,404514	-17,454608	138,926868	34,328415	-26,505811	104,527002	34,493890	-21,866791	81,975714	46,122357	10,666562	92,711859	36,696716	-6,786274	92,201373	35,517932	13,833943	39,373221	41,176447	9,156863	-2,649887	32,681699	-15,723798	41,839810	53,212793	-11,352146	9,231018	25,543895
18	3,561458	159,196228	35,795447	22,645532	137,404980	38,130911	29,958395	104,526550	42,156198	25,032326	81,491357	51,140445	-17,470273	138,850989	35,791150	-26,465927	104,443457	35,629282	-22,023247	81,928961	47,478046	10,647964	92,710925	38,322144	-6,798841	92,244275	37,195953	13,937012	39,238727	41,333685	9,157912	-2,624504	32,691229	-15,562962	42,319299	56,041034	-11,211844	7,651805	30,761572
19	3,480674	159,175305	37,609457	22,622266	137,473206	39,895917	29,944153	104,665662	44,534656	24,773759	81,837274	53,887305	-17,495251	138,744971	37,267786	-26,447662	104,332605	36,835422	-22,216327	81,817212	48,793573	10,603069	92,673438	39,934305	-6,823956	92,253412	38,884256	13,973593	39,267398	41,794714	9,151634	-2,591583	32,706696	-15,415390	42,680566	58,627295	-11,141776	5,977329	36,190948
20	3,386985	159,097290	39,401077	22,588028	137,491504	41,686038	29,921393	104,749622	46,875168	24,498543	82,146051	56,611908	-17,537045	138,579175	38,754034	-26,437521	104,181726	38,120636	-22,396896	81,674402	50,159152	10,523257	92,618518	41,661548	-6,861100	92,197650	40,575662	14,021402	39,144620	42,028412	9,105910	-2,552814	32,734525	-15,255371	42,907559	61,016205	-11,029255	4,234373	41,805222
21	3,270526	158,970276	41,216711	22,531621	137,457910	43,487271	29,895825	104,806689	49,181564	24,206386	82,413336	59,304456	-17,560390	138,385120	40,239069	-26,434106	103,982178	39,421304	-22,554118	81,498096	51,575525	10,446615	92,481860	43,317236	-6,937457	92,109412	42,297592	14,041878	39,121201	42,528568	9,084437	-2,505042	32,752832	-15,054807	42,981693	63,163525	-11,028992	2,600177	47,566180
22	3,135627	158,788782	43,038815	22,466740	137,369470	45,324112	29,863409	104,788281	51,440466	23,830650	82,685278	62,024438	-17,599013	138,147864	41,767926	-26,452417	103,759973	40,798026	-22,694908	81,280835	53,017548	10,369123	92,276007	44,995337	-7,008829	91,930487	44,012054	14,049585	39,042651	42,995712	9,058044	-2,461238	32,780978	-14,831700	42,870755	65,084265	-11,077309	1,085407	53,436481
23	2,992684	158,565845	44,844772	22,384808	137,226221	47,177600	29,803156	104,715125	53,659607	23,536490	82,855707	64,622034	-17,642802	137,883142	43,319534	-26,476685	103,499329	42,252112	-22,798523	81,003455	54,476178	10,270860	92,029413	46,707904	-7,101490	91,719360	45,757178	14,055173	38,929041	43,466522	9,049176	-2,401834	32,798248	-14,583824	42,606146	66,802301	-11,169112	-0,134170	59,268512
24	2,825979	158,298254	46,655466	22,286539	137,023706	49,012387	29,748523	104,582251	55,851257	23,204008	82,978668	67,174847	-17,713049	137,597363	44,921039	-26,499133	103,207117	43,779630	-22,928014	80,684363	55,982324	10,167828	91,761389	48,401303	-7,210738	91,454272	47,532980	14,066779	38,851270	44,065247	8,993464	-2,350281	32,847137	-14,314342	42,195908	68,332495	-11,273750	-1,013588	65,150024
25	2,643283	158,000366	48,479782	22,184488	136,761633	50,858994	29,659348	104,386902	58,034668	22,880078	83,015375	69,655408	-17,805151	137,268579	46,571713	-26,538092	102,882971	45,390704	-23,046214	80,298639	57,490582	10,049830	91,461157	50,119458	-7,339318	91,157025	49,357718	14,077820	38,772519	44,735498	8,953648	-2,266880	32,872586	-14,054082	41,683545	69,759033	-11,393904	-1,486787	70,897345
26	2,454308	157,687854	50,296442	22,070717	136,467981	52,677283	29,568542	104,149365	60,167554	22,587476	82,951056	72,019183	-17,914903	136,913220	48,275040	-26,577216	102,526099	47,071371	-23,171518	79,853680	59,009131	9,935394	91,160083	51,852502	-7,438515	90,842657	51,175754	14,065398	38,703778	45,578616	8,892591	-2,154086	32,900241	-13,877295	41,143918	71,198267	-11,427022	-1,584172	76,377045
27	2,247350	157,373718	52,124573	21,939270	136,133618	54,514270	29,430234	103,876318	62,307202	22,254478	82,880695	74,373474	-18,064777	136,548987	50,030261	-26,630457	102,148401	48,809088	-23,314238	79,361444	60,548792	9,843967	90,870544	53,586841	-7,543642	90,509985	53,044885	14,027361	38,570123	46,453418	8,792995	-2,017343	32,991089	-13,762364	40,637039	72,741968	-11,336508	-1,354500	81,388708
28	2,036090	157,064661	53,947449	21,793628	135,787878	56,345581	29,250543	103,582776	64,380621	21,865472	82,808826	76,731140	-18,223390	136,179700	51,852069	-26,687500	101,751923	50,610434	-23,464059	78,831995	62,068842	9,773667	90,542102	55,385907	-7,607974	90,187842	54,921918	13,964948	38,466684	47,510452	8,700407	-1,843208	33,091428	-13,338057	40,078510	74,195245	-11,207124	-1,015929	85,655627
29	1,801535	156,778381	55,788135	21,632043	135,459143	58,161798	29,044955	103,287622	66,439984	21,524583	82,641565	78,930273	-18,420490	135,825854	53,716998	-26,741855	101,369714	52,481726	-23,623254	78,302252	63,617902	9,669613	90,236633	57,238220	-7,716109	89,907349	56,806122	13,904132	38,325977	48,627066	8,640675	-1,613026	33,202850	-13,208836	39,791733	75,863562	-11,145418	-0,708212	89,303882
30	1,554397	156,512366	57,620782	21,459438	135,161682	59,976984	28,771991	103,017432	68,472467	21,166685	82,470563	81,066467	-18,622046	135,499158	55,633142	-26,813754	101,040198	54,425000	-23,795218	77,783533	65,195123	9,527732	89,934070	59,159137	-7,848784	89,647144	58,703076	13,839459	38,251764	49,978958	8,638874	-1,297759	33,366415	-13,065565	39,586603	77,794678	-10,990703	-0,564120	92,013062
31	1,296351	156,270898	59,442108	21,267474	134,922302	61,812329	28,448737	102,771777	70,423346	20,814476	82,294257	83,108075	-18,846378	135,226367	57,586206	-26,885666	100,738641	56,422681	-24,002901	77,320251	66,772900	9,381615	89,679236	61,136975	-8,001787	89,415057	60,642847	13,796399	38,166830	51,414240	8,680508	-0,948801	33,614221	-13,011130	39,464771	79,936084	-10,701099	-0,875536	93,774957
32	1,019893	156,061621	61,270923	21,044215	134,714502	63,660437	28,103354	102,546838	72,339624	20,460765	82,106226	85,056818	-19,086465	134,988806	59,567157	-26,956290	100,470929	58,433533	-24,229042	76,918085	68,419672	9,204322	89,446405	63,220599	-8,169013	89,200720	62,655048	13,754959	38,063144	52,959595	8,799142	-0,512907	33,883127	-12,922028	39,387195	82,227490	-10,429588	-1,458383	94,737885
33	0,732497	155,873022	63,087366	20,809142	134,552368	65,504620	27,721033	102,362488	74,180890	20,104369	81,924084	86,921802	-19,328999	134,785474	61,507599	-27,058835	100,266821	60,482544	-24,428203	76,581000	70,138220	9,014468	89,239807	65,378662	-8,339519	89,020215	64,782690	13,711510	38,215256	54,969720	8,953467	0,073651	34,198157	-12,861571	39,256903	84,552844	-10,223357	-2,196122	95,158832
34	0,435672	155,687402	64,897308	20,528691	134,417542	67,396759	27,333469	102,184259	75,965228	19,749211	81,719952	88,698328	-19,592882	134,605103	63,432507	-27,192731	100,078534	62,513763	-24,628136	76,297101	71,938934	8,798799	89,081677	67,621881	-8,546707	88,850958	67,047565	13,744713	38,150482	56,722357	9,117684	0,665471	34,581305	-12,841655	39,022943	86,733893	-9,937595	-2,873113	95,369574
35	0,124284	155,643677	66,712195	20,263884	134,323718	69,279449	26,944009	102,012415	77,699945	19,411188	81,495392	90,393866	-19,878049	134,473145	65,279669	-27,363147	99,912244	64,578503	-24,835072	76,056946	73,800409	8,623166	88,961432	69,914520	-8,757262	88,833264	69,326849	13,765550	38,068045	58,540222	9,331606	1,391276	35,098764	-12,964650	38,930972	88,599518	-9,972591	-2,419383	96,720264
36	-0,194617	155,745044	68,514783	20,018700	134,317175	71,122357	26,525302	101,904163	79,416571	19,073663	81,287695	91,999841	-20,190318	134,414429	67,069745	-27,545868	99,820062	66,652051	-25,030312	75,916595	75,710071	8,465761	89,005994	72,286823	-8,905556	89,091846	71,579852	13,785631	38,065063	60,587256	9,515890	2,252340	35,829623	-13,215138	39,286017	90,557007	-10,043299	-2,702970	97,862976
37	-0,531190	155,878992	70,321741	19,777080	134,436694	73,047607	26,055875	101,890070	81,092865	18,772487	81,125958	93,466565	-20,493013	134,476929	68,840625	-27,739816	99,865100	68,768646	-25,212001	75,921179	77,689276	8,320049	89,171765	74,626056	-9,025584	89,482990	73,796893	13,871313	38,051944	62,844580	9,650135	3,225418	36,750278	-13,174487	39,712479	92,952417	-9,861702	-2,631108	97,743512
38	-0,858639	156,128210	72,097235	19,529735	134,691699	74,940143	25,589891	102,050830	82,738477	18,501408	81,033972	94,782507	-20,755902	134,630786	70,563062	-27,943372	100,047070	70,862695	-25,434198	76,065533	79,700281	8,149170	89,409515	76,908197	-9,201607	89,878668	75,965985	13,976381	38,050595	65,444006	9,784958	4,303520	37,927243	-13,063283	39,947809	95,101471	-9,729528	-2,377656	98,070221
39	-1,179265	156,425732	73,872064	19,272539	135,085010	76,853949	25,131195	102,365839	84,285858	18,235930	81,090112	96,062976	-20,990901	134,886658	72,280200	-28,149466	100,315448	72,892755	-25,672067	76,369928	81,793353	7,905318	89,699518	79,063818	-9,458287	90,231647	78,121155	14,159834	38,039880	68,438013	9,840623	5,446840	39,567773	-13,049919	40,060873	96,879144	-9,675614	-2,550008	98,276740
40	-1,494478	156,760986	75,638721	19,014743	135,577954	78,723578	24,721779	102,794397	85,853290	17,994441	81,259473	97,268500	-21,208742	135,210852	74,027795	-28,382510	100,674615	74,898145	-25,991663	76,719592	83,790234	7,648409	90,015759	81,028613	-9,749715	90,579138	80,219080	14,421353	37,933026	71,723639	9,854523	6,582980	41,614047	-13,090973	40,137988	98,401801	-9,607854	-2,432137	98,272455
41	-1,789889	157,099866	77,389008	18,749419	136,096643	80,630939	24,353598	103,233862	87,329230	17,794711	81,467322	98,422876	-21,379826	135,556531	75,811664	-28,657132	101,059399	76,837500	-26,242352	77,207910	86,015875	7,374748	90,323651	82,826373	-10,039680	90,916760	82,262671	14,647258	37,758325	75,146198	9,884841	7,764908	43,795267	-13,239375	40,084024	99,598853	-9,592153	-2,486239	98,287939
42	-2,072922	157,449023	79,131555	18,513940	136,585461	82,457019	24,101772	103,673340	88,851331	17,600960	81,747168	99,633905	-21,567125	135,915894	77,665491	-28,970786	101,442767	78,754211	-26,480322	77,705127	88,261121	7,120734	90,629108	84,522620	-10,290604	91,252985	84,230603	14,794182	37,624631	78,700195	9,888495	9,008756	46,260431	-13,438940	39,997318	100,538068	-9,601071	-2,492439	98,279004
43	-2,332508	157,786523	80,874780	18,301950	137,010596	84,204816	23,967815	104,078943	90,305200	17,428185	82,056531	100,904486	-21,748769	136,257361	79,579608	-29,301376	101,804974	80,652075	-26,713513	78,209259	90,513574	6,930349	90,939978	86,104602	-10,507395	91,554016	86,127026	14,957391	37,598502	82,352356	9,863848	10,250735	49,082806	-13,600031	39,931360	101,284888	-9,625678	-2,503743	98,255133
44	-2,572202	158,115833	82,607941	18,131030	137,355872	85,745142	23,900510	104,421619	91,740094	17,289398	82,358997	102,231842	-21,956392	136,597058	81,559058	-29,661487	102,169818	82,588812	-26,933844	78,689331	92,754572	6,756824	91,260419	87,701172	-10,684102	91,868512	87,918207	15,126263	37,705865	86,050140	9,777885	11,421237	52,209790	-13,737033	39,910651	101,889178	-9,672182	-2,528464	98,251849
45	-2,785069	158,423096	84,339545	17,998817	137,636963	87,234344	23,901912	104,709583	93,121503	17,200970	82,661908	103,596313	-22,153139	136,911194	83,596521	-30,032111	102,519788	84,562616	-27,150690	79,155469	95,012402	6,591379	91,581018	89,289056	-10,837756	92,174969	89,640021	15,251703	37,973093	89,734607	9,649443	12,410410	55,567432	-13,871251	39,872281	102,361664	-9,694217	-2,539457	98,214264
46	-2,971020	158,710950	86,069989	17,880991	137,880188	88,625812	23,906189	104,969849	94,494916	17,169090	82,942963	104,964148	-22,336768	137,225122	85,684479	-30,415158	102,855933	86,609180	-27,336542	79,590369	97,259418	6,436540	91,888733	90,883435	-10,992730	92,442517	91,275043	15,350591	38,347980	93,356616	9,500703	13,203999	59,034863	-13,989441	39,832208	102,747705	-9,708027	-2,551921	98,170831
47	-3,129351	158,971021	87,780481	17,781511	138,090417	89,936407	23,943109	105,195459	95,801501	17,202570	83,193018	106,292603	-22,490450	137,518665	87,773175	-30,782568	103,179675	88,711981	-27,505557	80,001044	99,518445	6,288826	92,156189	92,451068	-11,158313	92,698621	92,893372	15,431854	38,762469	96,981085	9,314687	13,751816	62,651318	-14,095641	39,816031	103,059351	-9,713637	-2,555190	98,123694
48	-3,260228	159,198901	89,499615	17,690210	138,286853	91,222650	24,000333	105,427283	97,014984	17,304323	83,420990	107,598865	-22,620934	137,796191	89,867310	-31,150711	103,502002	90,902588	-27,649469	80,411108	101,816815	6,149971	92,413434	93,994751	-11,295835	92,894843	94,466949	15,478529	39,220325	100,500128	9,146199	13,982080	66,453601	-14,185789	39,771057	103,302930	-9,717168	-2,554581	98,091394
49	-3,354466	159,393555	91,215393	17,596527	138,457434	92,487054	24,048387	105,627600	98,178589	17,483749	83,613342	108,852917	-22,719867	138,049585	91,928320	-31,484805	103,807361	93,147601	-27,754190	80,799951	104,137317	6,009647	92,657568	95,531726	-11,442350	93,051917	95,997095	15,457715	39,763571	103,977234	9,019441	13,908455	70,418921	-14,277448	39,743085	103,591479	-9,743891	-2,562247	98,077332
50	-3,434615	159,570020	92,920490	17,497765	138,595679	93,765808	24,069351	105,741003	99,265814	17,745993	83,747052	110,078809	-22,799292	138,283057	93,944415	-31,799619	104,101233	95,446643	-27,833929	81,191058	106,524963	5,896413	92,857697	96,992096	-11,540930	93,184070	97,519183	15,378618	40,323306	107,362292	8,872050	13,589484	74,503717	-14,367729	39,713742	103,847546	-9,772255	-2,557863	98,074451
51	-3,503669	159,713843	94,621442	17,400517	138,688440	95,063800	24,075342	105,849194	100,292303	18,077832	83,825604	111,298584	-22,867209	138,488977	95,923328	-32,080603	104,369666	97,780304	-27,887546	81,546405	108,934460	5,800904	93,043463	98,473285	-11,645343	93,266345	99,017865	15,246318	40,891150	110,677661	8,717000	13,041516	78,767120	-14,441182	39,683429	104,075012	-9,785098	-2,547335	98,069025
52	-3,529631	159,801538	96,321552	17,318002	138,720520	96,336176	24,072968	105,917993	101,219525	18,468626	83,866821	112,539319	-22,915224	138,654370	97,844202	-32,316016	104,605127	100,137805	-27,910184	81,884882	111,383826	5,720578	93,185541	99,992633	-11,719707	93,329120	100,479816	15,038748	41,477756	113,916077	8,616479	12,047604	83,290637	-14,501338	39,657764	104,308997	-9,787392	-2,535362	98,060779
53	-3,543729	159,845496	98,013544	17,229863	138,715637	97,622968	24,077997	105,882458	102,244745	18,856691	83,863928	113,794983	-22,960229	138,779236	99,743054	-32,518362	104,813940	102,525500	-27,909372	82,173199	113,845630	5,666976	93,283978	101,402380	-11,775488	93,339233	101,925775	14,765080	42,042151	117,033777	8,482423	10,913711	87,968500	-14,558688	39,602512	104,519910	-9,797636	-2,518035	98,056531
54	-3,540484	159,859900	99,710596	17,151289	138,651855	98,925867	24,113669	105,808203	103,327197	19,163483	83,855542	115,028455	-22,988324	138,863550	101,615894	-32,679648	104,977112	104,898206	-27,881082	82,479114	116,392969	5,619400	93,313489	102,845251	-11,793368	93,308313	103,373376	14,465524	42,546912	120,011316	8,401159	9,598778	92,831879	-14,618529	39,572479	104,790295	-9,803813	-2,501954	98,045026
55	-3,513154	159,820630	101,402167	17,078244	138,537939	100,234839	24,163200	105,709631	104,413965	19,547176	83,782666	116,324890	-22,997284	138,896472	103,491821	-32,809534	105,105762	107,267798	-27,836166	82,664551	118,847583	5,595357	93,338831	104,238623	-11,825395	93,228815	104,825708	14,135693	42,990506	122,799658	8,337567	8,145602	97,899548	-14,675768	39,509491	105,076514	-9,812038	-2,478110	98,043085
56	-3,462670	159,735498	103,096265	17,015256	138,384058	101,556641	24,239714	105,588635	105,516296	19,936208	83,681122	117,622937	-22,998187	138,880383	105,363306	-32,899844	105,172864	109,603650	-27,809012	82,802826	121,268176	5,595297	93,290790	105,716626	-11,818250	93,107678	106,248303	13,801552	43,367078	125,428992	8,332316	6,608353	103,128772	-14,712944	39,453897	105,450793	-9,808952	-2,459382	98,044238
57	-3,400982	159,612097	104,800708	16,981245	138,194373	102,935254	24,312556	105,424219	106,711548	20,311720	83,490607	118,923914	-22,976126	138,808850	107,258118	-32,958096	105,184473	111,907715	-27,747281	82,882928	123,686829	5,588465	93,208923	107,197058	-11,805856	92,945551	107,670520	13,478088	43,642517	127,833142	8,356571	5,103596	108,563037	-14,730109	39,416577	105,911218	-9,793407	-2,434001	98,056390
58	-3,302943	159,450696	106,487732	16,951221	137,966870	104,355408	24,373114	105,212598	107,942505	20,706606	83,236133	120,188037	-22,945990	138,697070	109,146191	-32,964471	105,138354	114,173462	-27,660913	82,872278	126,010986	5,608844	93,084589	108,656689	-11,792947	92,765582	109,151648	13,166725	43,794510	129,982617	8,403093	3,634300	114,136133	-14,741557	39,349054	106,382898	-9,771273	-2,407150	98,069116
59	-3,188247	159,265198	108,199707	16,953767	137,701868	105,832495	24,471075	104,971277	109,234729	21,085550	82,942719	121,394116	-22,891499	138,530005	111,027600	-32,939935	105,048669	116,411951	-27,592133	82,848779	128,358020	5,623502	92,907635	110,149194	-11,772109	92,559290	110,633398	12,857303	43,804373	131,937207	8,806318	2,502370	119,518188	-14,751935	39,288647	106,899292	-9,745705	-2,376024	98,083618
60	-3,062623	159,040735	109,918604	16,967159	137,430969	107,412292	24,573175	104,694006	110,531360	21,447061	82,543866	122,558887	-22,817517	138,323572	112,894360	-32,877768	104,905774	118,596265	-27,503625	82,779291	130,661145	5,671114	92,708380	111,760950	-11,748583	92,352905	112,157715	12,545484	43,660425	133,704517	9,001300	1,659453	126,077478	-14,770224	39,231262	107,496753	-9,712648	-2,333986	98,096173
61	-2,909401	158,801123	111,647534	17,023680	137,136829	109,061987	24,674057	104,408435	111,894690	21,780339	82,079749	123,704187	-22,727486	138,096912	114,760901	-32,768481	104,734326	120,744507	-27,406598	82,669269	132,912219	5,671692	92,463483	113,294360	-11,718741	92,215540	113,858972	12,259447	43,353824	135,280713	8,691008	0,248388	131,228943	-14,779768	39,157172	108,201086	-9,670998	-2,280831	98,138562
62	-2,734564	158,538464	113,382007	17,100192	136,801123	110,766284	24,788516	104,073865	113,285376	22,085965	81,589368	124,781738	-22,631396	137,858838	116,609119	-32,634460	104,525061	122,822229	-27,280087	82,525616	135,115637	5,719320	92,227826	114,950415	-11,629416	91,665155	114,870178	12,013675	42,927811	136,662500	8,868530	-0,249568	136,996021	-14,776242	39,052295	108,988562	-9,636168	-2,223825	98,204352
63	-2,539028	158,258398	115,142297	17,200363	136,469312	112,576636	24,913394	103,741931	114,746863	22,352760	81,044696	125,852710	-22,513864	137,597668	118,422668	-32,458371	104,296069	124,854028	-27,138937	82,381964	137,285974	5,759890	91,955646	116,647498	-11,588735	91,468445	116,556555	11,786195	42,504575	138,021509	9,115328	-0,274696	142,576721	-14,778920	38,945032	109,834607	-9,590268	-2,134174	98,295245
64	-2,324609	157,971997	116,914087	17,332056	136,126367	114,464966	25,002914	103,380750	116,230518	22,600247	80,467328	126,916296	-22,391519	137,334070	120,191370	-32,263617	104,062134	126,831104	-26,972961	82,231390	139,411047	5,809208	91,641779	118,382300	-11,544616	91,175452	118,132520	11,711269	42,084146	139,385352	9,322479	0,093026	147,861926	-14,786508	38,869443	110,737537	-9,526042	-2,017426	98,372339
65	-2,090560	157,679150	118,704541	17,490897	135,771826	116,409583	25,141879	102,991711	117,764954	22,828291	79,880994	127,950842	-22,256648	137,070276	121,945044	-32,071637	103,800098	128,718689	-26,782034	82,086334	141,490247	5,832888	91,342584	120,179773	-11,522814	90,925159	119,804687	11,720216	41,690543	140,792114	9,464447	0,658646	152,638770	-14,808316	38,814053	111,627124	-9,446078	-1,838954	98,450281
66	-1,839714	157,400500	120,511353	17,671654	135,411560	118,407922	25,282788	102,639355	119,312061	23,044342	79,286163	129,019775	-22,134137	136,827856	123,697461	-31,872919	103,538184	130,544666	-26,576459	81,952979	143,514050	5,860953	91,042084	122,011499	-11,497955	90,660779	121,510803	11,776402	41,455582	142,382458	9,563952	1,325460	156,697888	-14,817650	38,790884	112,609985	-9,414888	-1,600047	98,546466
67	-1,606845	157,125000	122,357715	17,868120	135,067969	120,469067	25,430791	102,266595	120,935669	23,250706	78,709802	130,097827	-21,992285	136,599951	125,456030	-31,682373	103,288831	132,308215	-26,351715	81,829388	145,481982	5,888342	90,760565	123,800427	-11,451192	90,415906	123,256555	11,854817	41,300763	144,258093	9,620290	1,695485	159,847839	-14,790613	38,724939	113,739111	-9,425127	-1,311333	98,676843
68	-1,313992	156,905872	124,199792	18,078494	134,749719	122,546790	25,572127	101,922998	122,637134	23,446922	78,227448	131,314343	-21,827547	136,404602	127,224219	-31,489841	103,056238	134,007251	-26,106238	81,698932	147,331384	5,982448	90,572638	125,662732	-11,371563	90,201123	125,055408	11,917615	41,256552	146,518140	9,722889	1,549359	161,903235	-14,797633	38,716919	114,972778	-9,494948	-0,985358	98,853125
69	-1,010552	156,733850	126,078442	18,293037	134,482300	124,639331	25,696872	101,635895	124,376624	23,678667	77,589661	132,258459	-21,665053	136,262805	129,024463	-31,305341	102,858582	135,660291	-25,843292	81,591309	149,101636	6,101389	90,403217	127,501770	-11,250853	90,001514	126,897144	11,925089	41,375650	149,088733	9,849905	1,054461	163,039734	-14,749881	38,661716	116,360913	-9,634539	-0,606059	99,090100
70	-0,685881	156,604688	127,957764	18,518567	134,280505	126,707166	25,776010	101,415802	126,221033	23,880884	77,194110	133,523816	-21,476103	136,185852	130,880396	-31,129739	102,714417	137,243958	-25,599123	81,548157	150,824121	6,261353	90,289062	129,453076	-11,083260	89,852222	128,824976	11,905507	41,513705	151,730310	9,943420	0,363426	163,460657	-14,731850	38,635947	117,858276	-9,776881	-0,145817	99,368445
71	-0,362363	156,511365	129,861353	18,752872	134,157629	128,761548	25,862689	101,264709	128,093774	24,069533	76,920593	134,891382	-21,265463	136,164929	132,783997	-30,965387	102,609167	138,785498	-25,336499	81,493811	152,418677	6,429206	90,227032	131,543323	-10,912797	89,759937	130,869763	11,956584	41,558746	154,287769	9,912694	-0,446617	163,403125	-14,656325	38,661862	119,521985	-9,912694	0,446617	99,711993
72	3000,000000	0,000000	-3000,000000	3000,000000	0,000000	-3000,000000	3000,000000	0,000000	-3000,000000	3000,000000	0,000000	-3000,000000	3000,000000	0,000000	-3000,000000	3000,000000	0,000000	-3000,000000	3000,000000	0,000000	-3000,000000	3000,000000	0,000000	-3000,000000	3000,000000	0,000000	-3000,000000	3000,000000	0,000000	-3000,000000	3000,000000	0,000000	-3000,000000	3000,000000	0,000000	-3000,000000	3000,000000	0,000000	-3000,000000
73	3000,000000	0,000000	-3000,000000	3000,000000	0,000000	-3000,000000	3000,000000	0,000000	-3000,000000	3000,000000	0,000000	-3000,000000	3000,000000	0,000000	-3000,000000	3000,000000	0,000000	-3000,000000	3000,000000	0,000000	-3000,000000	3000,000000	0,000000	-3000,000000	3000,000000	0,000000	-3000,000000	3000,000000	0,000000	-3000,000000	3000,000000	0,000000	-3000,000000	3000,000000	0,000000	-3000,000000	3000,000000	0,000000	-3000,000000
74	3000,000000	0,000000	-3000,000000	3000,000000	0,000000	-3000,000000	3000,000000	0,000000	-3000,000000	3000,000000	0,000000	-3000,000000	3000,000000	0,000000	-3000,000000	3000,000000	0,000000	-3000,000000	3000,000000	0,000000	-3000,000000	3000,000000	0,000000	-3000,000000	3000,000000	0,000000	-3000,000000	3000,000000	0,000000	-3000,000000	3000,000000	0,000000	-3000,000000	3000,000000	0,000000	-3000,000000	3000,000000	0,000000	-3000,000000
75	3000,000000	0,000000	-3000,000000	3000,000000	0,000000	-3000,000000	3000,000000	0,000000	-3000,000000	3000,000000	0,000000	-3000,000000	3000,000000	0,000000	-3000,000000	3000,000000	0,000000	-3000,000000	3000,000000	0,000000	-3000,000000	3000,000000	0,000000	-3000,000000	3000,000000	0,000000	-3000,000000	3000,000000	0,000000	-3000,000000	3000,000000	0,000000	-3000,000000	3000,000000	0,000000	-3000,000000	3000,000000	0,000000	-3000,000000
76	3000,000000	0,000000	-3000,000000	3000,000000	0,000000	-3000,000000	3000,000000	0,000000	-3000,000000	3000,000000	0,000000	-3000,000000	3000,000000	0,000000	-3000,000000	3000,000000	0,000000	-3000,000000	3000,000000	0,000000	-3000,000000	3000,000000	0,000000	-3000,000000	3000,000000	0,000000	-3000,000000	3000,000000	0,000000	-3000,000000	3000,000000	0,000000	-3000,000000	3000,000000	0,000000	-3000,000000	3000,000000	0,000000	-3000,000000
77	3000,000000	0,000000	-3000,000000	3000,000000	0,000000	-3000,000000	3000,000000	0,000000	-3000,000000	3000,000000	0,000000	-3000,000000	3000,000000	0,000000	-3000,000000	3000,000000	0,000000	-3000,000000	3000,000000	0,000000	-3000,000000	3000,000000	0,000000	-3000,000000	3000,000000	0,000000	-3000,000000	3000,000000	0,000000	-3000,000000	3000,000000	0,000000	-3000,000000	3000,000000	0,000000	-3000,000000	3000,000000	0,000000	-3000,000000
78	3000,000000	0,000000	-3000,000000	3000,000000	0,000000	-3000,000000	3000,000000	0,000000	-3000,000000	3000,000000	0,000000	-3000,000000	3000,000000	0,000000	-3000,000000	3000,000000	0,000000	-3000,000000	3000,000000	0,000000	-3000,000000	3000,000000	0,000000	-3000,000000	3000,000000	0,000000	-3000,000000	3000,000000	0,000000	-3000,000000	3000,000000	0,000000	-3000,000000	3000,000000	0,000000	-3000,000000	3000,000000	0,000000	-3000,000000
79	3000,000000	0,000000	-3000,000000	3000,000000	0,000000	-3000,000000	3000,000000	0,000000	-3000,000000	3000,000000	0,000000	-3000,000000	3000,000000	0,000000	-3000,000000	3000,000000	0,000000	-3000,000000	3000,000000	0,000000	-3000,000000	3000,000000	0,000000	-3000,000000	3000,000000	0,000000	-3000,000000	3000,000000	0,000000	-3000,000000	3000,000000	0,000000	-3000,000000	3000,000000	0,000000	-3000,000000	3000,000000	0,000000	-3000,000000
80	3000,000000	0,000000	-3000,000000	3000,000000	0,000000	-3000,000000	3000,000000	0,000000	-3000,000000	3000,000000	0,000000	-3000,000000	3000,000000	0,000000	-3000,000000	3000,000000	0,000000	-3000,000000	3000,000000	0,000000	-3000,000000	3000,000000	0,000000	-3000,000000	3000,000000	0,000000	-3000,000000	3000,000000	0,000000	-3000,000000	3000,000000	0,000000	-3000,000000	3000,000000	0,000000	-3000,000000	3000,000000	0,000000	-3000,000000
81	3000,000000	0,000000	-3000,000000	3000,000000	0,000000	-3000,000000	3000,000000	0,000000	-3000,000000	3000,000000	0,000000	-3000,000000	3000,000000	0,000000	-3000,000000	3000,000000	0,000000	-3000,000000	3000,000000	0,000000	-3000,000000	3000,000000	0,000000	-3000,000000	3000,000000	0,000000	-3000,000000	3000,000000	0,000000	-3000,000000	3000,000000	0,000000	-3000,000000	3000,000000	0,000000	-3000,000000	3000,000000	0,000000	-3000,000000
82	3000,000000	0,000000	-3000,000000	3000,000000	0,000000	-3000,000000	3000,000000	0,000000	-3000,000000	3000,000000	0,000000	-3000,000000	3000,000000	0,000000	-3000,000000	3000,000000	0,000000	-3000,000000	3000,000000	0,000000	-3000,000000	3000,000000	0,000000	-3000,000000	3000,000000	0,000000	-3000,000000	3000,000000	0,000000	-3000,000000	3000,000000	0,000000	-3000,000000	3000,000000	0,000000	-3000,000000	3000,000000	0,000000	-3000,000000
83	3000,000000	0,000000	-3000,000000	3000,000000	0,000000	-3000,000000	3000,000000	0,000000	-3000,000000	3000,000000	0,000000	-3000,000000	3000,000000	0,000000	-3000,000000	3000,000000	0,000000	-3000,000000	3000,000000	0,000000	-3000,000000	3000,000000	0,000000	-3000,000000	3000,000000	0,000000	-3000,000000	3000,000000	0,000000	-3000,000000	3000,000000	0,000000	-3000,000000	3000,000000	0,000000	-3000,000000	3000,000000	0,000000	-3000,000000
84	3000,000000	0,000000	-3000,000000	3000,000000	0,000000	-3000,000000	3000,000000	0,000000	-3000,000000	3000,000000	0,000000	-3000,000000	3000,000000	0,000000	-3000,000000	3000,000000	0,000000	-3000,000000	3000,000000	0,000000	-3000,000000	3000,000000	0,000000	-3000,000000	3000,000000	0,000000	-3000,000000	3000,000000	0,000000	-3000,000000	3000,000000	0,000000	-3000,000000	3000,000000	0,000000	-3000,000000	3000,000000	0,000000	-3000,000000
85	3000,000000	0,000000	-3000,000000	3000,000000	0,000000	-3000,000000	3000,000000	0,000000	-3000,000000	3000,000000	0,000000	-3000,000000	3000,000000	0,000000	-3000,000000	3000,000000	0,000000	-3000,000000	3000,000000	0,000000	-3000,000000	3000,000000	0,000000	-3000,000000	3000,000000	0,000000	-3000,000000	3000,000000	0,000000	-3000,000000	3000,000000	0,000000	-3000,000000	3000,000000	0,000000	-3000,000000	3000,000000	0,000000	-3000,000000
86	3000,000000	0,000000	-3000,000000	3000,000000	0,000000	-3000,000000	3000,000000	0,000000	-3000,000000	3000,000000	0,000000	-3000,000000	3000,000000	0,000000	-3000,000000	3000,000000	0,000000	-3000,000000	3000,000000	0,000000	-3000,000000	3000,000000	0,000000	-3000,000000	3000,000000	0,000000	-3000,000000	3000,000000	0,000000	-3000,000000	3000,000000	0,000000	-3000,000000	3000,000000	0,000000	-3000,000000	3000,000000	0,000000	-3000,000000
87	3000,000000	0,000000	-3000,000000	3000,000000	0,000000	-3000,000000	3000,000000	0,000000	-3000,000000	3000,000000	0,000000	-3000,000000	3000,000000	0,000000	-3000,000000	3000,000000	0,000000	-3000,000000	3000,000000	0,000000	-3000,000000	3000,000000	0,000000	-3000,000000	3000,000000	0,000000	-3000,000000	3000,000000	0,000000	-3000,000000	3000,000000	0,000000	-3000,000000	3000,000000	0,000000	-3000,000000	3000,000000	0,000000	-3000,000000
88	3000,000000	0,000000	-3000,000000	3000,000000	0,000000	-3000,000000	3000,000000	0,000000	-3000,000000	3000,000000	0,000000	-3000,000000	3000,000000	0,000000	-3000,000000	3000,000000	0,000000	-3000,000000	3000,000000	0,000000	-3000,000000	3000,000000	0,000000	-3000,000000	3000,000000	0,000000	-3000,000000	3000,000000	0,000000	-3000,000000	3000,000000	0,000000	-3000,000000	3000,000000	0,000000	-3000,000000	3000,000000	0,000000	-3000,000000
89	3000,000000	0,000000	-3000,000000	3000,000000	0,000000	-3000,000000	3000,000000	0,000000	-3000,000000	3000,000000	0,000000	-3000,000000	3000,000000	0,000000	-3000,000000	3000,000000	0,000000	-3000,000000	3000,000000	0,000000	-3000,000000	3000,000000	0,000000	-3000,000000	3000,000000	0,000000	-3000,000000	3000,000000	0,000000	-3000,000000	3000,000000	0,000000	-3000,000000	3000,000000	0,000000	-3000,000000	3000,000000	0,000000	-3000,000000
90	3000,000000	0,000000	-3000,000000	3000,000000	0,000000	-3000,000000	3000,000000	0,000000	-3000,000000	3000,000000	0,000000	-3000,000000	3000,000000	0,000000	-3000,000000	3000,000000	0,000000	-3000,000000	3000,000000	0,000000	-3000,000000	3000,000000	0,000000	-3000,000000	3000,000000	0,000000	-3000,000000	3000,000000	0,000000	-3000,000000	3000,000000	0,000000	-3000,000000	3000,000000	0,000000	-3000,000000	3000,000000	0,000000	-3000,000000
91	3000,000000	0,000000	-3000,000000	3000,000000	0,000000	-3000,000000	3000,000000	0,000000	-3000,000000	3000,000000	0,000000	-3000,000000	3000,000000	0,000000	-3000,000000	3000,000000	0,000000	-3000,000000	3000,000000	0,000000	-3000,000000	3000,000000	0,000000	-3000,000000	3000,000000	0,000000	-3000,000000	3000,000000	0,000000	-3000,000000	3000,000000	0,000000	-3000,000000	3000,000000	0,000000	-3000,000000	3000,000000	0,000000	-3000,000000
92	3000,000000	0,000000	-3000,000000	3000,000000	0,000000	-3000,000000	3000,000000	0,000000	-3000,000000	3000,000000	0,000000	-3000,000000	3000,000000	0,000000	-3000,000000	3000,000000	0,000000	-3000,000000	3000,000000	0,000000	-3000,000000	3000,000000	0,000000	-3000,000000	3000,000000	0,000000	-3000,000000	3000,000000	0,000000	-3000,000000	3000,000000	0,000000	-3000,000000	3000,000000	0,000000	-3000,000000	3000,000000	0,000000	-3000,000000
93	3000,000000	0,000000	-3000,000000	3000,000000	0,000000	-3000,000000	3000,000000	0,000000	-3000,000000	3000,000000	0,000000	-3000,000000	3000,000000	0,000000	-3000,000000	3000,000000	0,000000	-3000,000000	3000,000000	0,000000	-3000,000000	3000,000000	0,000000	-3000,000000	3000,000000	0,000000	-3000,000000	3000,000000	0,000000	-3000,000000	3000,000000	0,000000	-3000,000000	3000,000000	0,000000	-3000,000000	3000,000000	0,000000	-3000,000000
94	3000,000000	0,000000	-3000,000000	3000,000000	0,000000	-3000,000000	3000,000000	0,000000	-3000,000000	3000,000000	0,000000	-3000,000000	3000,000000	0,000000	-3000,000000	3000,000000	0,000000	-3000,000000	3000,000000	0,000000	-3000,000000	3000,000000	0,000000	-3000,000000	3000,000000	0,000000	-3000,000000	3000,000000	0,000000	-3000,000000	3000,000000	0,000000	-3000,000000	3000,000000	0,000000	-3000,000000	3000,000000	0,000000	-3000,000000
95	3000,000000	0,000000	-3000,000000	3000,000000	0,000000	-3000,000000	3000,000000	0,000000	-3000,000000	3000,000000	0,000000	-3000,000000	3000,000000	0,000000	-3000,000000	3000,000000	0,000000	-3000,000000	3000,000000	0,000000	-3000,000000	3000,000000	0,000000	-3000,000000	3000,000000	0,000000	-3000,000000	3000,000000	0,000000	-3000,000000	3000,000000	0,000000	-3000,000000	3000,000000	0,000000	-3000,000000	3000,000000	0,000000	-3000,000000
96	3000,000000	0,000000	-3000,000000	3000,000000	0,000000	-3000,000000	3000,000000	0,000000	-3000,000000	3000,000000	0,000000	-3000,000000	3000,000000	0,000000	-3000,000000	3000,000000	0,000000	-3000,000000	3000,000000	0,000000	-3000,000000	3000,000000	0,000000	-3000,000000	3000,000000	0,000000	-3000,000000	3000,000000	0,000000	-3000,000000	3000,000000	0,000000	-3000,000000	3000,000000	0,000000	-3000,000000	3000,000000	0,000000	-3000,000000
97	3000,000000	0,000000	-3000,000000	3000,000000	0,000000	-3000,000000	3000,000000	0,000000	-3000,000000	3000,000000	0,000000	-3000,000000	3000,000000	0,000000	-3000,000000	3000,000000	0,000000	-3000,000000	3000,000000	0,000000	-3000,000000	3000,000000	0,000000	-3000,000000	3000,000000	0,000000	-3000,000000	3000,000000	0,000000	-3000,000000	3000,000000	0,000000	-3000,000000	3000,000000	0,000000	-3000,000000	3000,000000	0,000000	-3000,000000
98	3000,000000	0,000000	-3000,000000	3000,000000	0,000000	-3000,000000	3000,000000	0,000000	-3000,000000	3000,000000	0,000000	-3000,000000	3000,000000	0,000000	-3000,000000	3000,000000	0,000000	-3000,000000	3000,000000	0,000000	-3000,000000	3000,000000	0,000000	-3000,000000	3000,000000	0,000000	-3000,000000	3000,000000	0,000000	-3000,000000	3000,000000	0,000000	-3000,000000	3000,000000	0,000000	-3000,000000	3000,000000	0,000000	-3000,000000
99	3000,000000	0,000000	-3000,000000	3000,000000	0,000000	-3000,000000	3000,000000	0,000000	-3000,000000	3000,000000	0,000000	-3000,000000	3000,000000	0,000000	-3000,000000	3000,000000	0,000000	-3000,000000	3000,000000	0,000000	-3000,000000	3000,000000	0,000000	-3000,000000	3000,000000	0,000000	-3000,000000	3000,000000	0,000000	-3000,000000	3000,000000	0,000000	-3000,000000	3000,000000	0,000000	-3000,000000	3000,000000	0,000000	-3000,000000
100	3000,000000	0,000000	-3000,000000	3000,000000	0,000000	-3000,000000	3000,000000	0,000000	-3000,000000	3000,000000	0,000000	-3000,000000	3000,000000	0,000000	-3000,000000	3000,000000	0,000000	-3000,000000	3000,000000	0,000000	-3000,000000	3000,000000	0,000000	-3000,000000	3000,000000	0,000000	-3000,000000	3000,000000	0,000000	-3000,000000	3000,000000	0,000000	-3000,000000	3000,000000	0,000000	-3000,000000	3000,000000	0,000000	-3000,000000
101	3000,000000	0,000000	-3000,000000	3000,000000	0,000000	-3000,000000	3000,000000	0,000000	-3000,000000	3000,000000	0,000000	-3000,000000	3000,000000	0,000000	-3000,000000	3000,000000	0,000000	-3000,000000	3000,000000	0,000000	-3000,000000	3000,000000	0,000000	-3000,000000	3000,000000	0,000000	-3000,000000	3000,000000	0,000000	-3000,000000	3000,000000	0,000000	-3000,000000	3000,000000	0,000000	-3000,000000	3000,000000	0,000000	-3000,000000
102	3000,000000	0,000000	-3000,000000	3000,000000	0,000000	-3000,000000	3000,000000	0,000000	-3000,000000	3000,000000	0,000000	-3000,000000	3000,000000	0,000000	-3000,000000	3000,000000	0,000000	-3000,000000	3000,000000	0,000000	-3000,000000	3000,000000	0,000000	-3000,000000	3000,000000	0,000000	-3000,000000	3000,000000	0,000000	-3000,000000	3000,000000	0,000000	-3000,000000	3000,000000	0,000000	-3000,000000	3000,000000	0,000000	-3000,000000
103	3000,000000	0,000000	-3000,000000	3000,000000	0,000000	-3000,000000	3000,000000	0,000000	-3000,000000	3000,000000	0,000000	-3000,000000	3000,000000	0,000000	-3000,000000	3000,000000	0,000000	-3000,000000	3000,000000	0,000000	-3000,000000	3000,000000	0,000000	-3000,000000	3000,000000	0,000000	-3000,000000	3000,000000	0,000000	-3000,000000	3000,000000	0,000000	-3000,000000	3000,000000	0,000000	-3000,000000	3000,000000	0,000000	-3000,000000
104	3000,000000	0,000000	-3000,000000	3000,000000	0,000000	-3000,000000	3000,000000	0,000000	-3000,000000	3000,000000	0,000000	-3000,000000	3000,000000	0,000000	-3000,000000	3000,000000	0,000000	-3000,000000	3000,000000	0,000000	-3000,000000	3000,000000	0,000000	-3000,000000	3000,000000	0,000000	-3000,000000	3000,000000	0,000000	-3000,000000	3000,000000	0,000000	-3000,000000	3000,000000	0,000000	-3000,000000	3000,000000	0,000000	-3000,000000
105	3000,000000	0,000000	-3000,000000	3000,000000	0,000000	-3000,000000	3000,000000	0,000000	-3000,000000	3000,000000	0,000000	-3000,000000	3000,000000	0,000000	-3000,000000	3000,000000	0,000000	-3000,000000	3000,000000	0,000000	-3000,000000	3000,000000	0,000000	-3000,000000	3000,000000	0,000000	-3000,000000	3000,000000	0,000000	-3000,000000	3000,000000	0,000000	-3000,000000	3000,000000	0,000000	-3000,000000	3000,000000	0,000000	-3000,000000
106	3000,000000	0,000000	-3000,000000	3000,000000	0,000000	-3000,000000	3000,000000	0,000000	-3000,000000	3000,000000	0,000000	-3000,000000	3000,000000	0,000000	-3000,000000	3000,000000	0,000000	-3000,000000	3000,000000	0,000000	-3000,000000	3000,000000	0,000000	-3000,000000	3000,000000	0,000000	-3000,000000	3000,000000	0,000000	-3000,000000	3000,000000	0,000000	-3000,000000	3000,000000	0,000000	-3000,000000	3000,000000	0,000000	-3000,000000
107	3000,000000	0,000000	-3000,000000	3000,000000	0,000000	-3000,000000	3000,000000	0,000000	-3000,000000	3000,000000	0,000000	-3000,000000	3000,000000	0,000000	-3000,000000	3000,000000	0,000000	-3000,000000	3000,000000	0,000000	-3000,000000	3000,000000	0,000000	-3000,000000	3000,000000	0,000000	-3000,000000	3000,000000	0,000000	-3000,000000	3000,000000	0,000000	-3000,000000	3000,000000	0,000000	-3000,000000	3000,000000	0,000000	-3000,000000
108	3000,000000	0,000000	-3000,000000	3000,000000	0,000000	-3000,000000	3000,000000	0,000000	-3000,000000	3000,000000	0,000000	-3000,000000	3000,000000	0,000000	-3000,000000	3000,000000	0,000000	-3000,000000	3000,000000	0,000000	-3000,000000	3000,000000	0,000000	-3000,000000	3000,000000	0,000000	-3000,000000	3000,000000	0,000000	-3000,000000	3000,000000	0,000000	-3000,000000	3000,000000	0,000000	-3000,000000	3000,000000	0,000000	-3000,000000
109	3000,000000	0,000000	-3000,000000	3000,000000	0,000000	-3000,000000	3000,000000	0,000000	-3000,000000	3000,000000	0,000000	-3000,000000	3000,000000	0,000000	-3000,000000	3000,000000	0,000000	-3000,000000	3000,000000	0,000000	-3000,000000	3000,000000	0,000000	-3000,000000	3000,000000	0,000000	-3000,000000	3000,000000	0,000000	-3000,000000	3000,000000	0,000000	-3000,000000	3000,000000	0,000000	-3000,000000	3000,000000	0,000000	-3000,000000
110	3000,000000	0,000000	-3000,000000	3000,000000	0,000000	-3000,000000	3000,000000	0,000000	-3000,000000	3000,000000	0,000000	-3000,000000	3000,000000	0,000000	-3000,000000	3000,000000	0,000000	-3000,000000	3000,000000	0,000000	-3000,000000	3000,000000	0,000000	-3000,000000	3000,000000	0,000000	-3000,000000	3000,000000	0,000000	-3000,000000	3000,000000	0,000000	-3000,000000	3000,000000	0,000000	-3000,000000	3000,000000	0,000000	-3000,000000
111	3000,000000	0,000000	-3000,000000	3000,000000	0,000000	-3000,000000	3000,000000	0,000000	-3000,000000	3000,000000	0,000000	-3000,000000	3000,000000	0,000000	-3000,000000	3000,000000	0,000000	-3000,000000	3000,000000	0,000000	-3000,000000	3000,000000	0,000000	-3000,000000	3000,000000	0,000000	-3000,000000	3000,000000	0,000000	-3000,000000	3000,000000	0,000000	-3000,000000	3000,000000	0,000000	-3000,000000	3000,000000	0,000000	-3000,000000
112	3000,000000	0,000000	-3000,000000	3000,000000	0,000000	-3000,000000	3000,000000	0,000000	-3000,000000	3000,000000	0,000000	-3000,000000	3000,000000	0,000000	-3000,000000	3000,000000	0,000000	-3000,000000	3000,000000	0,000000	-3000,000000	3000,000000	0,000000	-3000,000000	3000,000000	0,000000	-3000,000000	3000,000000	0,000000	-3000,000000	3000,000000	0,000000	-3000,000000	3000,000000	0,000000	-3000,000000	3000,000000	0,000000	-3000,000000
113	3000,000000	0,000000	-3000,000000	3000,000000	0,000000	-3000,000000	3000,000000	0,000000	-3000,000000	3000,000000	0,000000	-3000,000000	3000,000000	0,000000	-3000,000000	3000,000000	0,000000	-3000,000000	3000,000000	0,000000	-3000,000000	3000,000000	0,000000	-3000,000000	3000,000000	0,000000	-3000,000000	3000,000000	0,000000	-3000,000000	3000,000000	0,000000	-3000,000000	3000,000000	0,000000	-3000,000000	3000,000000	0,000000	-3000,000000
114	3000,000000	0,000000	-3000,000000	3000,000000	0,000000	-3000,000000	3000,000000	0,000000	-3000,000000	3000,000000	0,000000	-3000,000000	3000,000000	0,000000	-3000,000000	3000,000000	0,000000	-3000,000000	3000,000000	0,000000	-3000,000000	3000,000000	0,000000	-3000,000000	3000,000000	0,000000	-3000,000000	3000,000000	0,000000	-3000,000000	3000,000000	0,000000	-3000,000000	3000,000000	0,000000	-3000,000000	3000,000000	0,000000	-3000,000000
115	3000,000000	0,000000	-3000,000000	3000,000000	0,000000	-3000,000000	3000,000000	0,000000	-3000,000000	3000,000000	0,000000	-3000,000000	3000,000000	0,000000	-3000,000000	3000,000000	0,000000	-3000,000000	3000,000000	0,000000	-3000,000000	3000,000000	0,000000	-3000,000000	3000,000000	0,000000	-3000,000000	3000,000000	0,000000	-3000,000000	3000,000000	0,000000	-3000,000000	3000,000000	0,000000	-3000,000000	3000,000000	0,000000	-3000,000000
116	3000,000000	0,000000	-3000,000000	3000,000000	0,000000	-3000,000000	3000,000000	0,000000	-3000,000000	3000,000000	0,000000	-3000,000000	3000,000000	0,000000	-3000,000000	3000,000000	0,000000	-3000,000000	3000,000000	0,000000	-3000,000000	3000,000000	0,000000	-3000,000000	3000,000000	0,000000	-3000,000000	3000,000000	0,000000	-3000,000000	3000,000000	0,000000	-3000,000000	3000,000000	0,000000	-3000,000000	3000,000000	0,000000	-3000,000000
117	3000,000000	0,000000	-3000,000000	3000,000000	0,000000	-3000,000000	3000,000000	0,000000	-3000,000000	3000,000000	0,000000	-3000,000000	3000,000000	0,000000	-3000,000000	3000,000000	0,000000	-3000,000000	3000,000000	0,000000	-3000,000000	3000,000000	0,000000	-3000,000000	3000,000000	0,000000	-3000,000000	3000,000000	0,000000	-3000,000000	3000,000000	0,000000	-3000,000000	3000,000000	0,000000	-3000,000000	3000,000000	0,000000	-3000,000000
118	3000,000000	0,000000	-3000,000000	3000,000000	0,000000	-3000,000000	3000,000000	0,000000	-3000,000000	3000,000000	0,000000	-3000,000000	3000,000000	0,000000	-3000,000000	3000,000000	0,000000	-3000,000000	3000,000000	0,000000	-3000,000000	3000,000000	0,000000	-3000,000000	3000,000000	0,000000	-3000,000000	3000,000000	0,000000	-3000,000000	3000,000000	0,000000	-3000,000000	3000,000000	0,000000	-3000,000000	3000,000000	0,000000	-3000,000000
119	3000,000000	0,000000	-3000,000000	3000,000000	0,000000	-3000,000000	3000,000000	0,000000	-3000,000000	3000,000000	0,000000	-3000,000000	3000,000000	0,000000	-3000,000000	3000,000000	0,000000	-3000,000000	3000,000000	0,000000	-3000,000000	3000,000000	0,000000	-3000,000000	3000,000000	0,000000	-3000,000000	3000,000000	0,000000	-3000,000000	3000,000000	0,000000	-3000,000000	3000,000000	0,000000	-3000,000000	3000,000000	0,000000	-3000,000000
120	3000,000000	0,000000	-3000,000000	3000,000000	0,000000	-3000,000000	3000,000000	0,000000	-3000,000000	3000,000000	0,000000	-3000,000000	3000,000000	0,000000	-3000,000000	3000,000000	0,000000	-3000,000000	3000,000000	0,000000	-3000,000000	3000,000000	0,000000	-3000,000000	3000,000000	0,000000	-3000,000000	3000,000000	0,000000	-3000,000000	3000,000000	0,000000	-3000,000000	3000,000000	0,000000	-3000,000000	3000,000000	0,000000	-3000,000000
121	3000,000000	0,000000	-3000,000000	3000,000000	0,000000	-3000,000000	3000,000000	0,000000	-3000,000000	3000,000000	0,000000	-3000,000000	3000,000000	0,000000	-3000,000000	3000,000000	0,000000	-3000,000000	3000,000000	0,000000	-3000,000000	3000,000000	0,000000	-3000,000000	3000,000000	0,000000	-3000,000000	3000,000000	0,000000	-3000,000000	3000,000000	0,000000	-3000,000000	3000,000000	0,000000	-3000,000000	3000,000000	0,000000	-3000,000000
122	3000,000000	0,000000	-3000,000000	3000,000000	0,000000	-3000,000000	3000,000000	0,000000	-3000,000000	3000,000000	0,000000	-3000,000000	3000,000000	0,000000	-3000,000000	3000,000000	0,000000	-3000,000000	3000,000000	0,000000	-3000,000000	3000,000000	0,000000	-3000,000000	3000,000000	0,000000	-3000,000000	3000,000000	0,000000	-3000,000000	3000,000000	0,000000	-3000,000000	3000,000000	0,000000	-3000,000000	3000,000000	0,000000	-3000,000000
123	3000,000000	0,000000	-3000,000000	3000,000000	0,000000	-3000,000000	3000,000000	0,000000	-3000,000000	3000,000000	0,000000	-3000,000000	3000,000000	0,000000	-3000,000000	3000,000000	0,000000	-3000,000000	3000,000000	0,000000	-3000,000000	3000,000000	0,000000	-3000,000000	3000,000000	0,000000	-3000,000000	3000,000000	0,000000	-3000,000000	3000,000000	0,000000	-3000,000000	3000,000000	0,000000	-3000,000000	3000,000000	0,000000	-3000,000000
124	3000,000000	0,000000	-3000,000000	3000,000000	0,000000	-3000,000000	3000,000000	0,000000	-3000,000000	3000,000000	0,000000	-3000,000000	3000,000000	0,000000	-3000,000000	3000,000000	0,000000	-3000,000000	3000,000000	0,000000	-3000,000000	3000,000000	0,000000	-3000,000000	3000,000000	0,000000	-3000,000000	3000,000000	0,000000	-3000,000000	3000,000000	0,000000	-3000,000000	3000,000000	0,000000	-3000,000000	3000,000000	0,000000	-3000,000000
125	3000,000000	0,000000	-3000,000000	3000,000000	0,000000	-3000,000000	3000,000000	0,000000	-3000,000000	3000,000000	0,000000	-3000,000000	3000,000000	0,000000	-3000,000000	3000,000000	0,000000	-3000,000000	3000,000000	0,000000	-3000,000000	3000,000000	0,000000	-3000,000000	3000,000000	0,000000	-3000,000000	3000,000000	0,000000	-3000,000000	3000,000000	0,000000	-3000,000000	3000,000000	0,000000	-3000,000000	3000,000000	0,000000	-3000,000000
126	3000,000000	0,000000	-3000,000000	3000,000000	0,000000	-3000,000000	3000,000000	0,000000	-3000,000000	3000,000000	0,000000	-3000,000000	3000,000000	0,000000	-3000,000000	3000,000000	0,000000	-3000,000000	3000,000000	0,000000	-3000,000000	3000,000000	0,000000	-3000,000000	3000,000000	0,000000	-3000,000000	3000,000000	0,000000	-3000,000000	3000,000000	0,000000	-3000,000000	3000,000000	0,000000	-3000,000000	3000,000000	0,000000	-3000,000000
127	3000,000000	0,000000	-3000,000000	3000,000000	0,000000	-3000,000000	3000,000000	0,000000	-3000,000000	3000,000000	0,000000	-3000,000000	3000,000000	0,000000	-3000,000000	3000,000000	0,000000	-3000,000000	3000,000000	0,000000	-3000,000000	3000,000000	0,000000	-3000,000000	3000,000000	0,000000	-3000,000000	3000,000000	0,000000	-3000,000000	3000,000000	0,000000	-3000,000000	3000,000000	0,000000	-3000,000000	3000,000000	0,000000	-3000,000000
128	3000,000000	0,000000	-3000,000000	3000,000000	0,000000	-3000,000000	3000,000000	0,000000	-3000,000000	3000,000000	0,000000	-3000,000000	3000,000000	0,000000	-3000,000000	3000,000000	0,000000	-3000,000000	3000,000000	0,000000	-3000,000000	3000,000000	0,000000	-3000,000000	3000,000000	0,000000	-3000,000000	3000,000000	0,000000	-3000,000000	3000,000000	0,000000	-3000,000000	3000,000000	0,000000	-3000,000000	3000,000000	0,000000	-3000,000000
129	3000,000000	0,000000	-3000,000000	3000,000000	0,000000	-3000,000000	3000,000000	0,000000	-3000,000000	3000,000000	0,000000	-3000,000000	3000,000000	0,000000	-3000,000000	3000,000000	0,000000	-3000,000000	3000,000000	0,000000	-3000,000000	3000,000000	0,000000	-3000,000000	3000,000000	0,000000	-3000,000000	3000,000000	0,000000	-3000,000000	3000,000000	0,000000	-3000,000000	3000,000000	0,000000	-3000,000000	3000,000000	0,000000	-3000,000000
130	3000,000000	0,000000	-3000,000000	3000,000000	0,000000	-3000,000000	3000,000000	0,000000	-3000,000000	3000,000000	0,000000	-3000,000000	3000,000000	0,000000	-3000,000000	3000,000000	0,000000	-3000,000000	3000,000000	0,000000	-3000,000000	3000,000000	0,000000	-3000,000000	3000,000000	0,000000	-3000,000000	3000,000000	0,000000	-3000,000000	3000,000000	0,000000	-3000,000000	3000,000000	0,000000	-3000,000000	3000,000000	0,000000	-3000,000000
131	3000,000000	0,000000	-3000,000000	3000,000000	0,000000	-3000,000000	3000,000000	0,000000	-3000,000000	3000,000000	0,000000	-3000,000000	3000,000000	0,000000	-3000,000000	3000,000000	0,000000	-3000,000000	3000,000000	0,000000	-3000,000000	3000,000000	0,000000	-3000,000000	3000,000000	0,000000	-3000,000000	3000,000000	0,000000	-3000,000000	3000,000000	0,000000	-3000,000000	3000,000000	0,000000	-3000,000000	3000,000000	0,000000	-3000,000000
132	3000,000000	0,000000	-3000,000000	3000,000000	0,000000	-3000,000000	3000,000000	0,000000	-3000,000000	3000,000000	0,000000	-3000,000000	3000,000000	0,000000	-3000,000000	3000,000000	0,000000	-3000,000000	3000,000000	0,000000	-3000,000000	3000,000000	0,000000	-3000,000000	3000,000000	0,000000	-3000,000000	3000,000000	0,000000	-3000,000000	3000,000000	0,000000	-3000,000000	3000,000000	0,000000	-3000,000000	3000,000000	0,000000	-3000,000000
133	3000,000000	0,000000	-3000,000000	3000,000000	0,000000	-3000,000000	3000,000000	0,000000	-3000,000000	3000,000000	0,000000	-3000,000000	3000,000000	0,000000	-3000,000000	3000,000000	0,000000	-3000,000000	3000,000000	0,000000	-3000,000000	3000,000000	0,000000	-3000,000000	3000,000000	0,000000	-3000,000000	3000,000000	0,000000	-3000,000000	3000,000000	0,000000	-3000,000000	3000,000000	0,000000	-3000,000000	3000,000000	0,000000	-3000,000000
134	3000,000000	0,000000	-3000,000000	3000,000000	0,000000	-3000,000000	3000,000000	0,000000	-3000,000000	3000,000000	0,000000	-3000,000000	3000,000000	0,000000	-3000,000000	3000,000000	0,000000	-3000,000000	3000,000000	0,000000	-3000,000000	3000,000000	0,000000	-3000,000000	3000,000000	0,000000	-3000,000000	3000,000000	0,000000	-3000,000000	3000,000000	0,000000	-3000,000000	3000,000000	0,000000	-3000,000000	3000,000000	0,000000	-3000,000000
135	3000,000000	0,000000	-3000,000000	3000,000000	0,000000	-3000,000000	3000,000000	0,000000	-3000,000000	3000,000000	0,000000	-3000,000000	3000,000000	0,000000	-3000,000000	3000,000000	0,000000	-3000,000000	3000,000000	0,000000	-3000,000000	3000,000000	0,000000	-3000,000000	3000,000000	0,000000	-3000,000000	3000,000000	0,000000	-3000,000000	3000,000000	0,000000	-3000,000000	3000,000000	0,000000	-3000,000000	3000,000000	0,000000	-3000,000000
136	3000,000000	0,000000	-3000,000000	3000,000000	0,000000	-3000,000000	3000,000000	0,000000	-3000,000000	3000,000000	0,000000	-3000,000000	3000,000000	0,000000	-3000,000000	3000,000000	0,000000	-3000,000000	3000,000000	0,000000	-3000,000000	3000,000000	0,000000	-3000,000000	3000,000000	0,000000	-3000,000000	3000,000000	0,000000	-3000,000000	3000,000000	0,000000	-3000,000000	3000,000000	0,000000	-3000,000000	3000,000000	0,000000	-3000,000000
137	3000,000000	0,000000	-3000,000000	3000,000000	0,000000	-3000,000000	3000,000000	0,000000	-3000,000000	3000,000000	0,000000	-3000,000000	3000,000000	0,000000	-3000,000000	3000,000000	0,000000	-3000,000000	3000,000000	0,000000	-3000,000000	3000,000000	0,000000	-3000,000000	3000,000000	0,000000	-3000,000000	3000,000000	0,000000	-3000,000000	3000,000000	0,000000	-3000,000000	3000,000000	0,000000	-3000,000000	3000,000000	0,000000	-3000,000000
138	3000,000000	0,000000	-3000,000000	3000,000000	0,000000	-3000,000000	3000,000000	0,000000	-3000,000000	3000,000000	0,000000	-3000,000000	3000,000000	0,000000	-3000,000000	3000,000000	0,000000	-3000,000000	3000,000000	0,000000	-3000,000000	3000,000000	0,000000	-3000,000000	3000,000000	0,000000	-3000,000000	3000,000000	0,000000	-3000,000000	3000,000000	0,000000	-3000,000000	3000,000000	0,000000	-3000,000000	3000,000000	0,000000	-3000,000000
139	3000,000000	0,000000	-3000,000000	3000,000000	0,000000	-3000,000000	3000,000000	0,000000	-3000,000000	3000,000000	0,000000	-3000,000000	3000,000000	0,000000	-3000,000000	3000,000000	0,000000	-3000,000000	3000,000000	0,000000	-3000,000000	3000,000000	0,000000	-3000,000000	3000,000000	0,000000	-3000,000000	3000,000000	0,000000	-3000,000000	3000,000000	0,000000	-3000,000000	3000,000000	0,000000	-3000,000000	3000,000000	0,000000	-3000,000000
140	3000,000000	0,000000	-3000,000000	3000,000000	0,000000	-3000,000000	3000,000000	0,000000	-3000,000000	3000,000000	0,000000	-3000,000000	3000,000000	0,000000	-3000,000000	3000,000000	0,000000	-3000,000000	3000,000000	0,000000	-3000,000000	3000,000000	0,000000	-3000,000000	3000,000000	0,000000	-3000,000000	3000,000000	0,000000	-3000,000000	3000,000000	0,000000	-3000,000000	3000,000000	0,000000	-3000,000000	3000,000000	0,000000	-3000,000000
141	3000,000000	0,000000	-3000,000000	3000,000000	0,000000	-3000,000000	3000,000000	0,000000	-3000,000000	3000,000000	0,000000	-3000,000000	3000,000000	0,000000	-3000,000000	3000,000000	0,000000	-3000,000000	3000,000000	0,000000	-3000,000000	3000,000000	0,000000	-3000,000000	3000,000000	0,000000	-3000,000000	3000,000000	0,000000	-3000,000000	3000,000000	0,000000	-3000,000000	3000,000000	0,000000	-3000,000000	3000,000000	0,000000	-3000,000000
142	3000,000000	0,000000	-3000,000000	3000,000000	0,000000	-3000,000000	3000,000000	0,000000	-3000,000000	3000,000000	0,000000	-3000,000000	3000,000000	0,000000	-3000,000000	3000,000000	0,000000	-3000,000000	3000,000000	0,000000	-3000,000000	3000,000000	0,000000	-3000,000000	3000,000000	0,000000	-3000,000000	3000,000000	0,000000	-3000,000000	3000,000000	0,000000	-3000,000000	3000,000000	0,000000	-3000,000000	3000,000000	0,000000	-3000,000000
143	3000,000000	0,000000	-3000,000000	3000,000000	0,000000	-3000,000000	3000,000000	0,000000	-3000,000000	3000,000000	0,000000	-3000,000000	3000,000000	0,000000	-3000,000000	3000,000000	0,000000	-3000,000000	3000,000000	0,000000	-3000,000000	3000,000000	0,000000	-3000,000000	3000,000000	0,000000	-3000,000000	3000,000000	0,000000	-3000,000000	3000,000000	0,000000	-3000,000000	3000,000000	0,000000	-3000,000000	3000,000000	0,000000	-3000,000000
144	3000,000000	0,000000	-3000,000000	3000,000000	0,000000	-3000,000000	3000,000000	0,000000	-3000,000000	3000,000000	0,000000	-3000,000000	3000,000000	0,000000	-3000,000000	3000,000000	0,000000	-3000,000000	3000,000000	0,000000	-3000,000000	3000,000000	0,000000	-3000,000000	3000,000000	0,000000	-3000,000000	3000,000000	0,000000	-3000,000000	3000,000000	0,000000	-3000,000000	3000,000000	0,000000	-3000,000000	3000,000000	0,000000	-3000,000000
145	3000,000000	0,000000	-3000,000000	3000,000000	0,000000	-3000,000000	3000,000000	0,000000	-3000,000000	3000,000000	0,000000	-3000,000000	3000,000000	0,000000	-3000,000000	3000,000000	0,000000	-3000,000000	3000,000000	0,000000	-3000,000000	3000,000000	0,000000	-3000,000000	3000,000000	0,000000	-3000,000000	3000,000000	0,000000	-3000,000000	3000,000000	0,000000	-3000,000000	3000,000000	0,000000	-3000,000000	3000,000000	0,000000	-3000,000000
146	3000,000000	0,000000	-3000,000000	3000,000000	0,000000	-3000,000000	3000,000000	0,000000	-3000,000000	3000,000000	0,000000	-3000,000000	3000,000000	0,000000	-3000,000000	3000,000000	0,000000	-3000,000000	3000,000000	0,000000	-3000,000000	3000,000000	0,000000	-3000,000000	3000,000000	0,000000	-3000,000000	3000,000000	0,000000	-3000,000000	3000,000000	0,000000	-3000,000000	3000,000000	0,000000	-3000,000000	3000,000000	0,000000	-3000,000000
147	3000,000000	0,000000	-3000,000000	3000,000000	0,000000	-3000,000000	3000,000000	0,000000	-3000,000000	3000,000000	0,000000	-3000,000000	3000,000000	0,000000	-3000,000000	3000,000000	0,000000	-3000,000000	3000,000000	0,000000	-3000,000000	3000,000000	0,000000	-3000,000000	3000,000000	0,000000	-3000,000000	3000,000000	0,000000	-3000,000000	3000,000000	0,000000	-3000,000000	3000,000000	0,000000	-3000,000000	3000,000000	0,000000	-3000,000000
148	3000,000000	0,000000	-3000,000000	3000,000000	0,000000	-3000,000000	3000,000000	0,000000	-3000,000000	3000,000000	0,000000	-3000,000000	3000,000000	0,000000	-3000,000000	3000,000000	0,000000	-3000,000000	3000,000000	0,000000	-3000,000000	3000,000000	0,000000	-3000,000000	3000,000000	0,000000	-3000,000000	3000,000000	0,000000	-3000,000000	3000,000000	0,000000	-3000,000000	3000,000000	0,000000	-3000,000000	3000,000000	0,000000	-3000,000000
149	3000,000000	0,000000	-3000,000000	3000,000000	0,000000	-3000,000000	3000,000000	0,000000	-3000,000000	3000,000000	0,000000	-3000,000000	3000,000000	0,000000	-3000,000000	3000,000000	0,000000	-3000,000000	3000,000000	0,000000	-3000,000000	3000,000000	0,000000	-3000,000000	3000,000000	0,000000	-3000,000000	3000,000000	0,000000	-3000,000000	3000,000000	0,000000	-3000,000000	3000,000000	0,000000	-3000,000000	3000,000000	0,000000	-3000,000000
150	3000,000000	0,000000	-3000,000000	3000,000000	0,000000	-3000,000000	3000,000000	0,000000	-3000,000000	3000,000000	0,000000	-3000,000000	3000,000000	0,000000	-3000,000000	3000,000000	0,000000	-3000,000000	3000,000000	0,000000	-3000,000000	3000,000000	0,000000	-3000,000000	3000,000000	0,000000	-3000,000000	3000,000000	0,000000	-3000,000000	3000,000000	0,000000	-3000,000000	3000,000000	0,000000	-3000,000000	3000,000000	0,000000	-3000,000000
151	3000,000000	0,000000	-3000,000000	3000,000000	0,000000	-3000,000000	3000,000000	0,000000	-3000,000000	3000,000000	0,000000	-3000,000000	3000,000000	0,000000	-3000,000000	3000,000000	0,000000	-3000,000000	3000,000000	0,000000	-3000,000000	3000,000000	0,000000	-3000,000000	3000,000000	0,000000	-3000,000000	3000,000000	0,000000	-3000,000000	3000,000000	0,000000	-3000,000000	3000,000000	0,000000	-3000,000000	3000,000000	0,000000	-3000,000000
