	3D Point Head  			3D Point 117:LS			3D Point 117:LE			3D Point LWRIST			3D Point 117:RS			3D Point 117:RE			3D Point RWRIST			3D Point LHIP  			3D Point RHIP  			3D Point 117:LK			3D Point 117:LA			3D Point 117:RK			3D Point 117:RA		
Frame	x	y	z	x	y	z	x	y	z	x	y	z	x	y	z	x	y	z	x	y	z	x	y	z	x	y	z	x	y	z	x	y	z	x	y	z	x	y	z
1	1,405573	155,029089	4,345596	21,669753	132,804797	4,759002	28,108554	99,633630	4,397834	26,290399	75,271722	10,473049	-18,403418	134,456750	8,444481	-28,366336	100,929565	13,937062	-23,420035	79,726746	27,678671	9,195821	88,583514	7,856197	-8,303493	88,333008	7,630291	12,908514	39,325888	29,141534	9,427175	-3,219255	31,262436	-14,085257	36,431415	-3,156110	-9,427175	3,219255	-31,262436
2	1,755688	155,363220	6,397754	21,887820	133,052612	6,735684	28,244882	99,880060	6,530196	26,371857	75,533441	12,564996	-18,152263	134,969336	10,413557	-28,081308	101,328558	15,384192	-23,135490	79,920764	28,789319	9,334956	89,074017	10,365257	-8,118972	88,564648	9,746767	12,856841	39,449203	31,050867	9,236865	-3,200127	31,298581	-14,508394	36,183917	0,420048	-9,835609	4,374953	-29,206769
3	2,090398	155,614941	8,323378	22,094385	133,302405	8,706165	28,400232	100,130780	8,650046	26,466214	75,776068	14,687311	-17,889934	135,434338	12,377819	-27,832480	101,697479	16,756390	-22,844785	80,118994	29,891196	9,485457	89,376978	12,539107	-7,978307	88,747552	11,743886	12,896776	39,472409	32,464551	9,245019	-3,184083	31,388461	-14,777216	35,763409	4,235281	-10,232187	5,759290	-27,013599
4	2,413646	155,895996	10,249424	22,281721	133,540637	10,684421	28,601184	100,357568	10,773434	26,491772	76,105377	17,044994	-17,672508	135,838928	14,297914	-27,639017	102,015814	18,088467	-22,544095	80,292523	31,019644	9,604844	89,670197	14,669981	-7,849913	88,913953	13,607631	13,022664	39,406729	33,540399	9,279469	-3,215937	31,379495	-14,986809	35,363123	8,218467	-10,580304	7,279089	-24,401686
5	2,702305	156,181384	12,156304	22,467387	133,776575	12,694132	28,824564	100,586206	12,906529	26,531335	76,366187	19,303322	-17,520580	136,189319	16,160927	-27,474576	102,282446	19,447028	-22,295526	80,438538	32,144394	9,718819	89,978296	16,699339	-7,721787	89,080389	15,431320	13,160512	39,327435	34,533917	9,296220	-3,212177	31,347577	-15,210440	35,203445	12,320252	-10,924085	8,654078	-21,278494
6	2,969006	156,463513	14,056474	22,629507	133,981226	14,737369	29,059286	100,817816	15,067119	26,527795	76,665601	21,699803	-17,417670	136,481348	17,911717	-27,329141	102,507312	20,826263	-22,068300	80,543927	33,307037	9,833401	90,273975	18,652028	-7,593008	89,318781	17,147823	13,289255	39,201547	35,265973	9,265127	-3,298503	31,443124	-15,427448	35,273172	16,373700	-11,202371	9,917966	-17,875130
7	3,195123	156,751733	15,950792	22,758585	134,229907	16,812920	29,274051	101,070599	17,273869	26,505347	76,990613	24,135846	-17,373286	136,765747	19,572427	-27,194873	102,704663	22,205737	-21,883469	80,637457	34,467181	9,975977	90,579498	20,466309	-7,451186	89,594373	18,867683	13,349635	39,116284	35,903119	9,270483	-3,291048	31,430954	-15,624199	35,569583	20,385162	-11,390724	11,056532	-14,365231
8	3,390527	157,035071	17,831139	22,839093	134,484058	18,937373	29,483289	101,345880	19,534775	26,483911	77,271027	26,448291	-17,353226	137,041431	21,041243	-27,054272	102,920178	23,580431	-21,730769	80,745587	35,638458	10,122491	90,874756	22,225525	-7,307748	89,888116	20,647751	13,359309	39,153671	36,669620	9,259235	-3,296603	31,433725	-15,793068	36,034192	24,332500	-11,493832	11,963638	-10,690215
9	3,548117	157,319446	19,702266	22,895844	134,770325	21,089043	29,659177	101,630023	21,871106	26,414859	77,655066	28,937723	-17,338879	137,315405	22,559508	-26,923257	103,145215	24,908389	-21,601988	80,872491	36,789197	10,259741	91,131482	23,926128	-7,181975	90,203180	22,391371	13,404768	39,028766	37,121124	9,254979	-3,298185	31,434888	-15,966217	36,683655	28,283221	-11,507619	12,608829	-6,722383
10	3,655775	157,598840	21,557359	22,927710	135,083984	23,235864	29,792346	101,976709	24,204544	26,336182	78,054474	31,436353	-17,332671	137,592297	24,002744	-26,796497	103,378491	26,184488	-21,511238	81,024731	37,900009	10,397253	91,374878	25,594446	-7,057904	90,524457	24,120477	13,472987	39,026212	37,691891	9,264653	-3,296598	31,428052	-16,002333	37,340305	32,075305	-11,515044	12,949669	-2,587216
11	3,746414	157,857117	23,398412	22,923305	135,424609	25,349509	29,900974	102,340558	26,619943	26,208698	78,586633	34,139993	-17,318201	137,840381	25,441438	-26,679166	103,591833	27,379544	-21,455991	81,181323	39,002695	10,519002	91,595825	27,253046	-6,934370	90,804242	25,842142	13,556343	38,951740	38,085913	9,275133	-3,287534	31,425763	-15,985667	38,039520	35,784442	-11,531503	12,960477	1,703493
12	3,791978	158,098206	25,227621	22,901334	135,750317	27,422305	29,957175	102,677551	29,029800	26,117001	79,020795	36,716946	-17,302777	138,060999	26,888449	-26,584085	103,777222	28,529077	-21,425710	81,320233	40,088165	10,619485	91,778180	28,899741	-6,842661	91,078082	27,535272	13,618629	38,966693	38,594022	9,284415	-3,279367	31,430103	-15,929361	38,765363	39,423450	-11,540912	12,606178	6,109167
13	3,815660	158,289661	27,056741	22,873361	136,075269	29,399933	30,081750	103,039478	31,416321	25,952814	79,467053	39,357578	-17,300143	138,238904	28,353796	-26,506485	103,913708	29,633249	-21,445201	81,417657	41,197357	10,699010	91,928326	30,557809	-6,755803	91,292395	29,218539	13,722261	38,851520	38,839374	9,293707	-3,267065	31,431720	-15,950943	39,543094	42,947766	-11,481676	11,949353	10,640545
14	3,814231	158,447559	28,869254	22,848190	136,352393	31,300043	30,094827	103,363428	33,838101	25,756339	79,906335	42,048047	-17,298822	138,334656	29,829352	-26,445911	103,982520	30,725629	-21,503703	81,477026	42,329449	10,757259	92,064160	32,186581	-6,685976	91,464020	30,876270	13,813638	38,838129	39,151465	9,290778	-3,256205	31,430649	-15,904121	40,272049	46,277231	-11,380201	11,004852	15,384842
15	3,788103	158,562061	30,681354	22,831906	136,590186	33,136755	30,094897	103,625708	36,264847	25,547151	80,323810	44,774084	-17,299719	138,378882	31,291306	-26,399982	103,995728	31,845493	-21,629094	81,500867	43,524133	10,791844	92,141516	33,816931	-6,654474	91,593982	32,553052	13,910031	38,840216	39,484222	9,279675	-3,231628	31,433130	-15,740463	40,916037	49,441803	-11,267894	9,756703	20,313107
16	3,744196	158,630029	32,489624	22,797585	136,778821	34,949234	30,095193	103,866052	38,676816	25,313312	80,726703	47,501300	-17,322719	138,362231	32,760260	-26,355478	103,962622	32,949591	-21,791835	81,455225	44,734961	10,795826	92,183777	35,436722	-6,643050	91,668964	34,232397	13,993707	38,821072	39,798068	9,284776	-3,202041	31,429654	-15,595909	41,490561	52,410883	-11,155827	8,251397	25,468445
17	3,682621	158,648523	34,281903	22,772086	136,899646	36,738110	30,068332	104,045386	41,082422	25,059731	81,111139	50,259317	-17,343848	138,288208	34,236691	-26,322290	103,882275	34,131238	-21,954219	81,405859	46,113586	10,767909	92,167639	37,072037	-6,665443	91,711841	35,908054	14,073183	38,722440	40,010623	9,309162	-3,174375	31,429639	-15,444765	41,969897	55,187152	-11,019763	6,665073	30,735187
18	3,595429	158,622253	36,110883	22,743495	136,962146	38,524557	30,050162	104,188599	43,437866	24,793858	81,454803	53,005231	-17,368796	138,158167	35,711081	-26,305423	103,753796	35,341190	-22,156889	81,297357	47,441684	10,716540	92,124298	38,687753	-6,702422	91,706317	37,601834	14,112611	38,730597	40,454483	9,276887	-3,143403	31,453610	-15,286395	42,304477	57,722900	-10,976923	4,994713	36,232339
19	3,488850	158,540527	37,920709	22,698883	136,971716	40,320642	30,021252	104,264197	45,769635	24,516945	81,755945	55,704797	-17,403325	137,994263	37,196680	-26,301279	103,594751	36,632361	-22,339029	81,148810	48,816168	10,627004	92,065540	40,416843	-6,758521	91,660614	39,295670	14,161627	38,586682	40,668918	9,255382	-3,095848	31,470825	-15,122253	42,508499	60,061798	-10,930752	3,283340	41,930847
20	3,364652	158,402380	39,708249	22,632257	136,925305	42,140240	29,990817	104,314856	48,076910	24,214532	82,026880	58,372369	-17,446620	137,804456	38,694189	-26,307562	103,401843	37,959085	-22,486142	80,964148	50,230508	10,544537	91,916565	42,082651	-6,823733	91,549493	41,023157	14,160300	38,636420	41,276733	9,232978	-3,051411	31,494653	-14,935446	42,542627	62,141968	-10,935588	1,702401	47,700208
21	3,218378	158,223657	41,525534	22,561221	136,831226	43,971030	29,946396	104,299194	50,344977	23,832281	82,297919	61,094690	-17,489473	137,565674	40,231454	-26,323358	103,162378	39,360663	-22,624605	80,735101	51,683936	10,466679	91,716376	43,764853	-6,912591	91,376862	42,742868	14,169421	38,499954	41,679974	9,220085	-3,001519	31,518365	-14,708855	42,391846	64,029590	-11,033865	0,310899	53,514313
22	3,064161	157,988965	43,337152	22,469205	136,677942	45,837051	29,886047	104,220752	52,568713	23,527394	82,468573	63,672797	-17,541774	137,301111	41,800403	-26,368658	102,908960	40,846228	-22,745580	80,468146	53,167139	10,362930	91,468225	45,464621	-7,007053	91,153247	44,484195	14,172324	38,410199	42,204968	9,192117	-2,945950	31,538022	-14,453784	42,102405	65,682458	-11,111173	-0,838609	59,435034
23	2,888162	157,723035	45,156155	22,360231	136,468433	47,656271	29,821457	104,080164	54,742249	23,178186	82,580328	66,204187	-17,623280	137,014868	43,411810	-26,399622	102,630750	42,389700	-22,863701	80,128479	54,658142	10,253830	91,194159	47,166132	-7,129649	90,896594	46,290762	14,183183	38,339618	42,821899	9,132692	-2,892233	31,586096	-14,185110	41,666217	67,176910	-11,210471	-1,616407	65,314722
24	2,700254	157,430420	46,977939	22,249327	136,208997	49,500983	29,728308	103,886755	56,909155	22,855292	82,613452	68,673859	-17,724916	136,687476	45,074133	-26,435440	102,285834	44,004501	-22,995631	79,735913	56,166791	10,131615	90,898914	48,885254	-7,259096	90,584052	48,105414	14,195799	38,245538	43,511871	9,096774	-2,796762	31,616425	-13,943594	41,141165	68,601099	-11,337737	-1,938321	70,988483
25	2,504187	157,133264	48,797174	22,126521	135,908801	51,329968	29,606030	103,642322	59,043988	22,548085	82,545758	71,027301	-17,837910	136,321985	46,784085	-26,481470	101,929388	45,694141	-23,128647	79,282806	57,698486	10,010947	90,615881	50,636942	-7,372752	90,271832	49,944339	14,177545	38,170645	44,364203	9,020536	-2,690635	31,668716	-13,808168	40,619415	70,076654	-11,375555	-1,930997	76,348462
26	2,289696	156,819153	50,625610	21,990935	135,579688	53,152106	29,454468	103,370935	61,160547	22,194225	82,476636	73,375317	-18,000359	135,965015	48,558276	-26,529602	101,553943	47,448120	-23,272687	78,784869	59,237018	9,911288	90,312109	52,377051	-7,474748	89,956995	51,818842	14,135023	38,043500	45,283328	8,933556	-2,541264	31,737848	-13,342555	39,989383	71,537000	-11,279561	-1,611727	81,217804
27	2,064970	156,524463	52,456592	21,837611	135,241626	54,980695	29,276712	103,082874	63,244275	21,815871	82,399402	75,701819	-18,174298	135,607275	50,390927	-26,599100	101,167108	49,277338	-23,427045	78,263068	60,769916	9,844759	90,007672	54,178925	-7,541046	89,638397	53,697266	14,061159	37,936343	46,355777	8,842793	-2,353755	31,848038	-13,272499	39,611887	73,087170	-11,180963	-1,246048	85,292535
28	1,827362	156,247668	54,289771	21,671712	134,918323	56,790448	29,042532	102,797803	65,299420	21,468562	82,238934	77,872394	-18,384862	135,277112	52,281250	-26,669824	100,813586	51,181699	-23,565436	77,740710	62,343018	9,725759	89,685919	56,037518	-7,660682	89,370819	55,579297	13,996028	37,804367	47,518546	8,794756	-2,114396	31,995816	-13,123033	39,364249	74,829913	-11,112085	-0,955346	88,742883
29	1,575199	155,990430	56,117963	21,485512	134,662524	58,635895	28,753470	102,539917	67,303961	21,105127	82,074927	79,983881	-18,592673	134,968884	54,208551	-26,734689	100,487469	53,119897	-23,766568	77,229730	63,898962	9,566321	89,414685	57,977893	-7,809644	89,140723	57,483569	13,937904	37,760428	48,919656	8,781547	-1,774909	32,165472	-13,016104	39,170718	76,807684	-10,935538	-0,902031	91,229608
30	1,303588	155,766028	57,948285	21,286975	134,429102	60,450574	28,423386	102,310925	69,242084	20,745284	81,905243	82,011346	-18,820107	134,701917	56,161066	-26,825632	100,207275	55,140057	-23,997444	76,790503	65,502380	9,419315	89,181812	59,988654	-7,957173	88,919977	59,434869	13,888393	37,642917	50,337634	8,850072	-1,409369	32,397531	-12,964160	39,077832	78,990814	-10,629456	-1,312624	92,762933
31	1,015378	155,569495	59,778912	21,055392	134,250208	62,326581	28,052158	102,129150	71,107904	20,385269	81,721082	83,934003	-19,072411	134,490466	58,137665	-26,902362	99,971118	57,158899	-24,220485	76,418781	67,173523	9,230200	88,965753	62,085590	-8,140285	88,724835	61,490918	13,845558	37,601672	51,989258	8,973595	-0,923282	32,676813	-12,876701	39,006329	81,310474	-10,375637	-1,936352	93,557050
32	0,729923	155,388074	61,589746	20,804807	134,096265	64,164929	27,666867	101,924823	72,969922	20,031334	81,544891	85,790155	-19,324738	134,303638	60,077960	-27,012750	99,772217	59,204803	-24,428204	76,097766	68,884161	9,016499	88,783063	64,292450	-8,328421	88,551636	63,653027	13,818686	37,730881	53,966766	9,142596	-0,338080	33,005231	-12,828333	38,872589	83,623682	-10,174690	-2,694543	93,896667
33	0,418498	155,232446	63,401331	20,519276	133,978540	66,057544	27,278040	101,756189	74,732294	19,673961	81,340631	87,530969	-19,595560	134,144775	61,986786	-27,157043	99,597644	61,237079	-24,623994	75,834900	70,714435	8,809505	88,626721	66,549451	-8,549094	88,400885	65,916559	13,848401	37,664319	55,724646	9,310280	0,289103	33,413257	-12,840723	38,629828	85,735181	-9,873640	-3,133531	94,223627
34	0,103741	155,249243	65,211890	20,244383	133,910461	67,913458	26,873141	101,610693	76,471729	19,325117	81,127655	89,217365	-19,894781	134,028894	63,825323	-27,348706	99,457214	63,321295	-24,823607	75,625598	72,593439	8,632645	88,553217	68,862311	-8,745132	88,482751	68,194702	13,845888	37,625348	57,600311	9,531381	1,047888	33,978372	-13,017740	38,667538	87,553418	-10,006815	-2,675435	95,827264
35	-0,228354	155,362598	67,009412	20,006058	133,935559	69,790656	26,440839	101,516602	78,175293	18,994229	80,926093	90,773633	-20,211591	134,009302	65,600458	-27,534052	99,397565	65,399084	-25,038586	75,523816	74,524799	8,480929	88,658063	71,201569	-8,891970	88,784149	70,448572	13,873987	37,627469	59,695398	9,703558	1,926036	34,767889	-13,240994	39,079187	89,637653	-10,035229	-3,064686	96,564838
36	-0,566400	155,529626	68,805927	19,768636	134,089612	71,685962	25,979739	101,581726	79,839636	18,692468	80,806519	92,222150	-20,499083	134,086023	67,343433	-27,733948	99,488495	67,506573	-25,241635	75,575439	76,505670	8,311618	88,845074	73,563330	-9,034047	89,190057	72,653314	13,960068	37,618524	62,035815	9,833418	2,938400	35,731976	-13,142102	39,496606	92,046375	-9,829814	-2,812399	96,458429
37	-0,891660	155,808582	70,587103	19,503062	134,399756	73,592560	25,504665	101,776636	81,452252	18,433005	80,744788	93,523480	-20,772124	134,289563	69,080054	-27,942197	99,697589	69,570551	-25,461497	75,772333	78,541986	8,124099	89,099054	75,815338	-9,228419	89,579828	74,816351	14,087869	37,634555	64,738025	9,946830	4,052534	37,002609	-13,067334	39,679025	94,063562	-9,725330	-2,709667	96,849683
38	-1,221644	156,121802	72,352936	19,243423	134,833301	75,496484	25,031378	102,128552	83,023425	18,161307	80,830634	94,771887	-21,009001	134,572424	70,797021	-28,162238	100,008331	71,599438	-25,712680	76,110535	80,626202	7,880734	89,416077	77,912897	-9,495899	89,951935	76,934070	14,290045	37,632202	67,804828	9,978175	5,203724	38,758124	-13,070047	39,800296	95,784631	-9,671403	-2,817092	96,970123
39	-1,530979	156,468152	74,110144	18,976794	135,344690	77,402002	24,628230	102,555066	84,555328	17,920938	81,025879	95,970758	-21,216415	134,915515	72,549158	-28,407767	100,386267	73,588983	-26,031586	76,497772	82,659729	7,604720	89,741492	79,827411	-9,790273	90,306262	79,020520	14,522845	37,505984	71,152612	9,993626	6,358761	40,849518	-13,135071	39,851947	97,236084	-9,611443	-2,712980	96,958307
40	-1,836615	156,817151	75,863934	18,715083	135,864441	79,280444	24,310347	103,039026	86,009412	17,720940	81,252148	97,127203	-21,389877	135,269141	74,348474	-28,704984	100,781512	75,532434	-26,283255	76,994635	84,880676	7,338516	90,043188	81,585028	-10,083057	90,652478	81,059808	14,730396	37,331122	74,594397	9,998132	7,568606	43,073169	-13,315025	39,782953	98,355621	-9,606125	-2,781034	96,981219
41	-2,111869	157,167322	77,601740	18,478903	136,340332	81,078339	24,075137	103,459326	87,521790	17,530583	81,550488	98,344983	-21,575098	135,626587	76,202515	-29,024823	101,178754	77,432129	-26,532889	77,513177	87,132550	7,086716	90,371747	83,245062	-10,335832	90,985205	83,004779	14,858005	37,252328	78,195691	10,005883	8,830331	45,617499	-13,502791	39,697284	99,237463	-9,618217	-2,774116	96,954541
42	-2,371697	157,516272	79,343835	18,266606	136,757312	82,794727	23,963893	103,855042	88,955420	17,363879	81,864093	99,632629	-21,773308	135,986438	78,142169	-29,356610	101,540625	79,332196	-26,774435	78,019696	89,378235	6,903237	90,675018	84,846625	-10,542204	91,307391	84,876215	15,020164	37,261066	81,847284	9,959417	10,080360	48,498587	-13,660634	39,653882	99,952936	-9,651577	-2,797072	96,940686
43	-2,606866	157,845581	81,068604	18,103616	137,097168	84,289941	23,894051	104,177429	90,416113	17,235493	82,173822	100,969983	-21,977298	136,316956	80,129443	-29,734180	101,906500	81,279297	-26,996066	78,497644	91,618591	6,721292	91,009045	86,438544	-10,711663	91,623346	86,641058	15,170067	37,426816	85,562903	9,853790	11,215361	51,712030	-13,803059	39,631299	100,512872	-9,696590	-2,813474	96,935431
44	-2,820127	158,158423	82,795770	17,972916	137,371167	85,745905	23,900529	104,484021	91,801685	17,157016	82,474176	102,340894	-22,191933	136,650818	82,183820	-30,114786	102,262421	83,266895	-27,206180	78,967651	93,872388	6,565783	91,333862	88,012811	-10,864156	91,922321	88,334607	15,278961	37,752792	89,223840	9,716281	12,162767	55,106415	-13,928578	39,592877	100,963434	-9,714209	-2,825771	96,891211
45	-3,001435	158,445154	84,515259	17,858690	137,619580	87,130597	23,894447	104,738306	93,149268	17,136232	82,752228	103,687354	-22,372940	136,965906	84,276196	-30,497815	102,596130	85,312463	-27,402881	79,405212	96,114600	6,402613	91,642163	89,606714	-11,030017	92,199622	89,972943	15,362744	38,157755	92,860773	9,539668	12,920461	58,590234	-14,045058	39,553610	101,317651	-9,723516	-2,837746	96,844629
46	-3,158997	158,704456	86,236963	17,754120	137,819849	88,427570	23,943736	104,980811	94,445422	17,180508	83,009833	105,025977	-22,521417	137,260107	86,364209	-30,874542	102,939319	87,443842	-27,566260	79,830371	98,383124	6,254025	91,917114	91,159381	-11,187775	92,441412	91,560657	15,426474	38,593402	96,448676	9,350168	13,408189	62,246259	-14,144684	39,542334	101,620917	-9,726868	-2,837495	96,801819
47	-3,283433	158,930347	87,949780	17,666995	138,015796	89,687598	23,993929	105,197144	95,637341	17,296410	83,234845	106,318347	-22,642293	137,536462	88,439111	-31,236658	103,267480	89,643695	-27,709158	80,237543	100,681976	6,102192	92,173706	92,715088	-11,340691	92,646857	93,124646	15,455057	39,078204	99,961011	9,190025	13,575722	66,093018	-14,238394	39,491489	101,863892	-9,737844	-2,839776	96,776001
48	-3,381559	159,134607	89,660748	17,571239	138,188623	90,973047	24,028746	105,372351	96,770502	17,491647	83,421948	107,559192	-22,737849	137,793018	90,487512	-31,561993	103,579041	91,898157	-27,799603	80,640247	103,027100	5,960195	92,410602	94,237286	-11,491867	92,802203	94,664301	15,411644	39,639032	103,401880	9,029310	13,449062	70,115979	-14,331007	39,473575	102,153455	-9,766682	-2,844329	96,761847
49	-3,452645	159,299426	91,360938	17,465285	138,309119	92,234009	24,059767	105,516431	97,837744	17,778880	83,544360	108,785876	-22,820821	138,027173	92,504132	-31,889929	103,877332	94,209973	-27,888528	81,028082	105,400757	5,862470	92,603168	95,667072	-11,582963	92,913275	96,167737	15,310051	40,223520	106,769336	8,864855	13,092168	74,228296	-14,419379	39,449823	102,415295	-9,790752	-2,840054	96,760004
50	-3,529126	159,441455	93,071027	17,365071	138,402441	93,533044	24,083153	105,586597	98,842499	18,130559	83,619226	110,014404	-22,886111	138,231567	94,459454	-32,162506	104,148938	96,550806	-27,939642	81,395959	107,835889	5,758880	92,825946	97,194781	-11,686691	93,006671	97,644824	15,156923	40,801135	110,062341	8,721918	12,474757	78,558893	-14,490068	39,416519	102,625977	-9,800076	-2,828753	96,757764
51	-3,557214	159,526355	94,771375	17,282808	138,433740	94,821167	24,051254	105,656506	99,764215	18,513229	83,653650	111,253760	-22,938361	138,401013	96,377472	-32,401785	104,386829	98,918158	-27,966196	81,732336	110,284631	5,670757	92,943634	98,682568	-11,761313	93,056940	99,120819	14,915331	41,408975	113,264539	8,593397	11,412084	83,148877	-14,546428	39,390048	102,857397	-9,802766	-2,815941	96,750195
52	-3,566170	159,570276	96,453918	17,194136	138,415039	96,102118	24,050206	105,615918	100,842877	18,823883	83,686212	112,452515	-22,982501	138,520239	98,269281	-32,600455	104,598987	101,298694	-27,945786	82,085400	112,830566	5,621817	93,030090	100,073810	-11,815165	93,074493	100,581622	14,626526	41,974597	116,348047	8,484081	10,276206	87,827106	-14,601677	39,333319	103,071973	-9,810867	-2,799176	96,739215
53	-3,563777	159,581946	98,149384	17,107451	138,343042	97,399115	24,090814	105,540308	101,913245	19,202393	83,643860	113,726807	-23,018205	138,610645	100,146887	-32,754141	104,761377	103,671240	-27,943570	82,323450	115,287549	5,574088	93,070959	101,510748	-11,839687	93,017902	102,018610	14,311833	42,475208	119,277466	8,373643	8,936456	92,763550	-14,666269	39,296887	103,354163	-9,819583	-2,783681	96,731659
54	-3,534769	159,531824	99,848883	17,038368	138,226221	98,715033	24,134012	105,424731	103,024719	19,580560	83,562122	115,048718	-23,033331	138,642090	102,018091	-32,881757	104,871423	106,021167	-27,921457	82,518286	117,735132	5,561438	93,084692	102,934741	-11,852137	92,940485	103,452710	13,977544	42,907443	122,021777	8,326206	7,478427	97,891412	-14,719978	39,256561	103,684265	-9,824884	-2,759130	96,729663
55	-3,484736	159,448877	101,537775	16,981624	138,067029	100,048004	24,214616	105,297327	104,136060	19,968942	83,434607	116,354187	-23,037466	138,620105	103,899805	-32,968234	104,945203	108,358337	-27,874188	82,641498	120,151111	5,552409	93,023083	104,404236	-11,857626	92,828180	104,891455	13,633653	43,281216	124,610742	8,301196	5,953717	103,199121	-14,752509	39,201239	104,066809	-9,818468	-2,739699	96,734918
56	-3,416034	159,319507	103,240295	16,942847	137,876526	101,440833	24,295274	105,122266	105,333203	20,346875	83,243549	117,648645	-23,010663	138,531335	105,776343	-33,018170	104,950415	110,658411	-27,812833	82,705969	122,547156	5,549673	92,938684	105,884863	-11,847610	92,665228	106,319849	13,308652	43,536295	126,945435	8,321703	4,498465	108,636462	-14,766689	39,143985	104,515649	-9,802538	-2,713489	96,745172
57	-3,316756	159,157068	104,937109	16,913110	137,649683	102,872510	24,349515	104,910986	106,572717	20,728622	82,984802	118,906555	-22,980202	138,419153	107,671716	-33,023157	104,906128	112,914563	-27,730417	82,710120	124,896960	5,592788	92,804602	107,367725	-11,835730	92,475336	107,800842	12,990292	43,668240	129,031897	8,375291	3,091251	114,210510	-14,775995	39,074777	104,990894	-9,777996	-2,686543	96,760205
58	-3,204358	158,971118	106,654785	16,915529	137,388806	104,379468	24,443213	104,667224	107,902100	21,097176	82,653442	120,095068	-22,927122	138,248840	109,556738	-32,993674	104,806934	115,132227	-27,659064	82,673914	127,219763	5,588120	92,612042	108,848840	-11,814236	92,267480	109,283765	12,681061	43,635236	130,932996	8,808195	2,162972	119,550061	-14,794487	39,029279	105,538721	-9,750269	-2,649821	96,772723
59	-3,076448	158,749011	108,377417	16,932231	137,110815	105,982056	24,548347	104,392529	109,178503	21,450839	82,250500	121,240979	-22,866206	138,060413	111,438953	-32,920886	104,670105	117,312427	-27,578192	82,605695	129,510254	5,610192	92,437146	110,458606	-11,791456	92,088245	110,856335	12,366123	43,456491	132,653333	8,497989	0,672608	125,661536	-14,814073	38,959946	106,150940	-9,717533	-2,607015	96,792175
60	-2,923225	158,508630	110,108105	16,989415	136,816772	107,651733	24,642432	104,108069	110,556873	21,774770	81,792908	122,380298	-22,775377	137,832874	113,295862	-32,815390	104,494971	119,447046	-27,472064	82,495990	131,756348	5,634056	92,200476	112,065442	-11,761815	91,947583	112,547913	12,087611	43,125369	134,187622	8,614832	-0,054375	131,400317	-14,820512	38,887180	106,885498	-9,674093	-2,551229	96,838629
61	-2,747202	158,252710	111,844763	17,069531	136,500037	109,398218	24,754036	103,777502	111,984924	22,075594	81,286609	123,456213	-22,679504	137,593481	115,132117	-32,669214	104,288098	121,517969	-27,359729	82,362018	133,941980	5,680539	91,941138	113,685022	-11,678814	91,394049	113,552673	11,829256	42,705737	135,557837	8,812492	-0,411471	137,125220	-14,817899	38,783688	107,694214	-9,643050	-2,489651	96,905139
62	-2,548182	157,972131	113,609351	17,170546	136,164233	111,220337	24,886598	103,433142	113,435901	22,333266	80,734448	124,549292	-22,564209	137,343848	116,936792	-32,498535	104,065625	123,534607	-27,216406	82,222162	136,102148	5,720837	91,658356	115,412292	-11,640468	91,185858	115,224060	11,640645	42,272577	136,894434	9,046069	-0,322833	142,695679	-14,824551	38,688171	108,559473	-9,592197	-2,393131	97,002777
63	-2,338073	157,690747	115,386169	17,308083	135,821484	113,127869	24,979974	103,080554	114,925684	22,576073	80,161316	125,604407	-22,430408	137,076343	118,697290	-32,308792	103,829456	125,485291	-27,058331	82,091315	138,221802	5,753235	91,368042	117,146729	-11,609166	90,903363	116,815674	11,587035	41,872778	138,282727	9,226080	0,189814	147,778040	-14,836691	38,625812	109,451550	-9,514796	-2,266403	97,081592
64	-2,097808	157,413379	117,173071	17,464938	135,472937	115,075623	25,110101	102,707117	116,483228	22,789784	79,574860	126,644861	-22,307649	136,823413	120,442993	-32,113278	103,578064	127,360583	-26,861642	81,946832	140,282532	5,782458	91,065472	118,956885	-11,586233	90,669324	118,531519	11,599455	41,542593	139,759888	9,338143	0,813533	152,405688	-14,858185	38,584897	110,366907	-9,453556	-2,061291	97,160876
65	-1,882958	157,122437	119,012695	17,643788	135,130249	117,105774	25,239651	102,345691	118,055347	22,997354	78,983350	127,731189	-22,180858	136,583386	122,197815	-31,928607	103,332251	129,179163	-26,658270	81,831769	142,298682	5,787592	90,786218	120,789661	-11,571893	90,415918	120,234412	11,658897	41,328415	141,376978	9,416801	1,406094	156,315320	-14,871046	38,574716	111,384570	-9,432447	-1,810917	97,266791
66	-1,609866	156,880664	120,852271	17,843686	134,790881	119,167444	25,384320	102,013104	119,681824	23,197993	78,430353	128,837061	-22,029774	136,370020	123,958630	-31,738104	103,093323	130,934546	-26,426593	81,701648	144,229688	5,818011	90,553394	122,619714	-11,524619	90,186261	122,002771	11,741048	41,203552	143,354041	9,461272	1,680432	159,179272	-14,836102	38,479739	112,553186	-9,454766	-1,507916	97,404022
67	-1,320607	156,685706	122,701929	18,052505	134,495447	121,251025	25,519482	101,667529	121,405212	23,391515	77,978546	130,050989	-21,882193	136,195691	125,740552	-31,557297	102,874036	132,614722	-26,182660	81,595288	146,079089	5,923436	90,352942	124,438635	-11,435728	89,959143	123,786768	11,785318	41,231210	145,736072	9,571266	1,426182	160,989001	-14,835910	38,478638	113,802063	-9,542043	-1,176199	97,592468
68	-1,020866	156,536548	124,590210	18,263211	134,246094	123,352966	25,636090	101,407654	123,174951	23,633484	77,290564	130,946448	-21,719031	136,088269	127,554456	-31,372928	102,696826	134,249316	-25,930844	81,506390	147,827197	6,052676	90,217432	126,318994	-11,315041	89,814960	125,695630	11,770199	41,339417	148,295117	9,706684	0,878895	161,940649	-14,805237	38,430350	115,218579	-9,687942	-0,781538	97,823358
69	3000,000000	0,000000	-3000,000000	3000,000000	0,000000	-3000,000000	3000,000000	0,000000	-3000,000000	3000,000000	0,000000	-3000,000000	3000,000000	0,000000	-3000,000000	3000,000000	0,000000	-3000,000000	3000,000000	0,000000	-3000,000000	3000,000000	0,000000	-3000,000000	3000,000000	0,000000	-3000,000000	3000,000000	0,000000	-3000,000000	3000,000000	0,000000	-3000,000000	3000,000000	0,000000	-3000,000000	3000,000000	0,000000	-3000,000000
70	3000,000000	0,000000	-3000,000000	3000,000000	0,000000	-3000,000000	3000,000000	0,000000	-3000,000000	3000,000000	0,000000	-3000,000000	3000,000000	0,000000	-3000,000000	3000,000000	0,000000	-3000,000000	3000,000000	0,000000	-3000,000000	3000,000000	0,000000	-3000,000000	3000,000000	0,000000	-3000,000000	3000,000000	0,000000	-3000,000000	3000,000000	0,000000	-3000,000000	3000,000000	0,000000	-3000,000000	3000,000000	0,000000	-3000,000000
71	3000,000000	0,000000	-3000,000000	3000,000000	0,000000	-3000,000000	3000,000000	0,000000	-3000,000000	3000,000000	0,000000	-3000,000000	3000,000000	0,000000	-3000,000000	3000,000000	0,000000	-3000,000000	3000,000000	0,000000	-3000,000000	3000,000000	0,000000	-3000,000000	3000,000000	0,000000	-3000,000000	3000,000000	0,000000	-3000,000000	3000,000000	0,000000	-3000,000000	3000,000000	0,000000	-3000,000000	3000,000000	0,000000	-3000,000000
72	3000,000000	0,000000	-3000,000000	3000,000000	0,000000	-3000,000000	3000,000000	0,000000	-3000,000000	3000,000000	0,000000	-3000,000000	3000,000000	0,000000	-3000,000000	3000,000000	0,000000	-3000,000000	3000,000000	0,000000	-3000,000000	3000,000000	0,000000	-3000,000000	3000,000000	0,000000	-3000,000000	3000,000000	0,000000	-3000,000000	3000,000000	0,000000	-3000,000000	3000,000000	0,000000	-3000,000000	3000,000000	0,000000	-3000,000000
73	3000,000000	0,000000	-3000,000000	3000,000000	0,000000	-3000,000000	3000,000000	0,000000	-3000,000000	3000,000000	0,000000	-3000,000000	3000,000000	0,000000	-3000,000000	3000,000000	0,000000	-3000,000000	3000,000000	0,000000	-3000,000000	3000,000000	0,000000	-3000,000000	3000,000000	0,000000	-3000,000000	3000,000000	0,000000	-3000,000000	3000,000000	0,000000	-3000,000000	3000,000000	0,000000	-3000,000000	3000,000000	0,000000	-3000,000000
74	3000,000000	0,000000	-3000,000000	3000,000000	0,000000	-3000,000000	3000,000000	0,000000	-3000,000000	3000,000000	0,000000	-3000,000000	3000,000000	0,000000	-3000,000000	3000,000000	0,000000	-3000,000000	3000,000000	0,000000	-3000,000000	3000,000000	0,000000	-3000,000000	3000,000000	0,000000	-3000,000000	3000,000000	0,000000	-3000,000000	3000,000000	0,000000	-3000,000000	3000,000000	0,000000	-3000,000000	3000,000000	0,000000	-3000,000000
75	3000,000000	0,000000	-3000,000000	3000,000000	0,000000	-3000,000000	3000,000000	0,000000	-3000,000000	3000,000000	0,000000	-3000,000000	3000,000000	0,000000	-3000,000000	3000,000000	0,000000	-3000,000000	3000,000000	0,000000	-3000,000000	3000,000000	0,000000	-3000,000000	3000,000000	0,000000	-3000,000000	3000,000000	0,000000	-3000,000000	3000,000000	0,000000	-3000,000000	3000,000000	0,000000	-3000,000000	3000,000000	0,000000	-3000,000000
76	3000,000000	0,000000	-3000,000000	3000,000000	0,000000	-3000,000000	3000,000000	0,000000	-3000,000000	3000,000000	0,000000	-3000,000000	3000,000000	0,000000	-3000,000000	3000,000000	0,000000	-3000,000000	3000,000000	0,000000	-3000,000000	3000,000000	0,000000	-3000,000000	3000,000000	0,000000	-3000,000000	3000,000000	0,000000	-3000,000000	3000,000000	0,000000	-3000,000000	3000,000000	0,000000	-3000,000000	3000,000000	0,000000	-3000,000000
77	3000,000000	0,000000	-3000,000000	3000,000000	0,000000	-3000,000000	3000,000000	0,000000	-3000,000000	3000,000000	0,000000	-3000,000000	3000,000000	0,000000	-3000,000000	3000,000000	0,000000	-3000,000000	3000,000000	0,000000	-3000,000000	3000,000000	0,000000	-3000,000000	3000,000000	0,000000	-3000,000000	3000,000000	0,000000	-3000,000000	3000,000000	0,000000	-3000,000000	3000,000000	0,000000	-3000,000000	3000,000000	0,000000	-3000,000000
78	3000,000000	0,000000	-3000,000000	3000,000000	0,000000	-3000,000000	3000,000000	0,000000	-3000,000000	3000,000000	0,000000	-3000,000000	3000,000000	0,000000	-3000,000000	3000,000000	0,000000	-3000,000000	3000,000000	0,000000	-3000,000000	3000,000000	0,000000	-3000,000000	3000,000000	0,000000	-3000,000000	3000,000000	0,000000	-3000,000000	3000,000000	0,000000	-3000,000000	3000,000000	0,000000	-3000,000000	3000,000000	0,000000	-3000,000000
79	3000,000000	0,000000	-3000,000000	3000,000000	0,000000	-3000,000000	3000,000000	0,000000	-3000,000000	3000,000000	0,000000	-3000,000000	3000,000000	0,000000	-3000,000000	3000,000000	0,000000	-3000,000000	3000,000000	0,000000	-3000,000000	3000,000000	0,000000	-3000,000000	3000,000000	0,000000	-3000,000000	3000,000000	0,000000	-3000,000000	3000,000000	0,000000	-3000,000000	3000,000000	0,000000	-3000,000000	3000,000000	0,000000	-3000,000000
80	3000,000000	0,000000	-3000,000000	3000,000000	0,000000	-3000,000000	3000,000000	0,000000	-3000,000000	3000,000000	0,000000	-3000,000000	3000,000000	0,000000	-3000,000000	3000,000000	0,000000	-3000,000000	3000,000000	0,000000	-3000,000000	3000,000000	0,000000	-3000,000000	3000,000000	0,000000	-3000,000000	3000,000000	0,000000	-3000,000000	3000,000000	0,000000	-3000,000000	3000,000000	0,000000	-3000,000000	3000,000000	0,000000	-3000,000000
81	3000,000000	0,000000	-3000,000000	3000,000000	0,000000	-3000,000000	3000,000000	0,000000	-3000,000000	3000,000000	0,000000	-3000,000000	3000,000000	0,000000	-3000,000000	3000,000000	0,000000	-3000,000000	3000,000000	0,000000	-3000,000000	3000,000000	0,000000	-3000,000000	3000,000000	0,000000	-3000,000000	3000,000000	0,000000	-3000,000000	3000,000000	0,000000	-3000,000000	3000,000000	0,000000	-3000,000000	3000,000000	0,000000	-3000,000000
82	3000,000000	0,000000	-3000,000000	3000,000000	0,000000	-3000,000000	3000,000000	0,000000	-3000,000000	3000,000000	0,000000	-3000,000000	3000,000000	0,000000	-3000,000000	3000,000000	0,000000	-3000,000000	3000,000000	0,000000	-3000,000000	3000,000000	0,000000	-3000,000000	3000,000000	0,000000	-3000,000000	3000,000000	0,000000	-3000,000000	3000,000000	0,000000	-3000,000000	3000,000000	0,000000	-3000,000000	3000,000000	0,000000	-3000,000000
83	3000,000000	0,000000	-3000,000000	3000,000000	0,000000	-3000,000000	3000,000000	0,000000	-3000,000000	3000,000000	0,000000	-3000,000000	3000,000000	0,000000	-3000,000000	3000,000000	0,000000	-3000,000000	3000,000000	0,000000	-3000,000000	3000,000000	0,000000	-3000,000000	3000,000000	0,000000	-3000,000000	3000,000000	0,000000	-3000,000000	3000,000000	0,000000	-3000,000000	3000,000000	0,000000	-3000,000000	3000,000000	0,000000	-3000,000000
84	3000,000000	0,000000	-3000,000000	3000,000000	0,000000	-3000,000000	3000,000000	0,000000	-3000,000000	3000,000000	0,000000	-3000,000000	3000,000000	0,000000	-3000,000000	3000,000000	0,000000	-3000,000000	3000,000000	0,000000	-3000,000000	3000,000000	0,000000	-3000,000000	3000,000000	0,000000	-3000,000000	3000,000000	0,000000	-3000,000000	3000,000000	0,000000	-3000,000000	3000,000000	0,000000	-3000,000000	3000,000000	0,000000	-3000,000000
85	3000,000000	0,000000	-3000,000000	3000,000000	0,000000	-3000,000000	3000,000000	0,000000	-3000,000000	3000,000000	0,000000	-3000,000000	3000,000000	0,000000	-3000,000000	3000,000000	0,000000	-3000,000000	3000,000000	0,000000	-3000,000000	3000,000000	0,000000	-3000,000000	3000,000000	0,000000	-3000,000000	3000,000000	0,000000	-3000,000000	3000,000000	0,000000	-3000,000000	3000,000000	0,000000	-3000,000000	3000,000000	0,000000	-3000,000000
86	3000,000000	0,000000	-3000,000000	3000,000000	0,000000	-3000,000000	3000,000000	0,000000	-3000,000000	3000,000000	0,000000	-3000,000000	3000,000000	0,000000	-3000,000000	3000,000000	0,000000	-3000,000000	3000,000000	0,000000	-3000,000000	3000,000000	0,000000	-3000,000000	3000,000000	0,000000	-3000,000000	3000,000000	0,000000	-3000,000000	3000,000000	0,000000	-3000,000000	3000,000000	0,000000	-3000,000000	3000,000000	0,000000	-3000,000000
87	3000,000000	0,000000	-3000,000000	3000,000000	0,000000	-3000,000000	3000,000000	0,000000	-3000,000000	3000,000000	0,000000	-3000,000000	3000,000000	0,000000	-3000,000000	3000,000000	0,000000	-3000,000000	3000,000000	0,000000	-3000,000000	3000,000000	0,000000	-3000,000000	3000,000000	0,000000	-3000,000000	3000,000000	0,000000	-3000,000000	3000,000000	0,000000	-3000,000000	3000,000000	0,000000	-3000,000000	3000,000000	0,000000	-3000,000000
88	3000,000000	0,000000	-3000,000000	3000,000000	0,000000	-3000,000000	3000,000000	0,000000	-3000,000000	3000,000000	0,000000	-3000,000000	3000,000000	0,000000	-3000,000000	3000,000000	0,000000	-3000,000000	3000,000000	0,000000	-3000,000000	3000,000000	0,000000	-3000,000000	3000,000000	0,000000	-3000,000000	3000,000000	0,000000	-3000,000000	3000,000000	0,000000	-3000,000000	3000,000000	0,000000	-3000,000000	3000,000000	0,000000	-3000,000000
89	3000,000000	0,000000	-3000,000000	3000,000000	0,000000	-3000,000000	3000,000000	0,000000	-3000,000000	3000,000000	0,000000	-3000,000000	3000,000000	0,000000	-3000,000000	3000,000000	0,000000	-3000,000000	3000,000000	0,000000	-3000,000000	3000,000000	0,000000	-3000,000000	3000,000000	0,000000	-3000,000000	3000,000000	0,000000	-3000,000000	3000,000000	0,000000	-3000,000000	3000,000000	0,000000	-3000,000000	3000,000000	0,000000	-3000,000000
90	3000,000000	0,000000	-3000,000000	3000,000000	0,000000	-3000,000000	3000,000000	0,000000	-3000,000000	3000,000000	0,000000	-3000,000000	3000,000000	0,000000	-3000,000000	3000,000000	0,000000	-3000,000000	3000,000000	0,000000	-3000,000000	3000,000000	0,000000	-3000,000000	3000,000000	0,000000	-3000,000000	3000,000000	0,000000	-3000,000000	3000,000000	0,000000	-3000,000000	3000,000000	0,000000	-3000,000000	3000,000000	0,000000	-3000,000000
91	3000,000000	0,000000	-3000,000000	3000,000000	0,000000	-3000,000000	3000,000000	0,000000	-3000,000000	3000,000000	0,000000	-3000,000000	3000,000000	0,000000	-3000,000000	3000,000000	0,000000	-3000,000000	3000,000000	0,000000	-3000,000000	3000,000000	0,000000	-3000,000000	3000,000000	0,000000	-3000,000000	3000,000000	0,000000	-3000,000000	3000,000000	0,000000	-3000,000000	3000,000000	0,000000	-3000,000000	3000,000000	0,000000	-3000,000000
92	3000,000000	0,000000	-3000,000000	3000,000000	0,000000	-3000,000000	3000,000000	0,000000	-3000,000000	3000,000000	0,000000	-3000,000000	3000,000000	0,000000	-3000,000000	3000,000000	0,000000	-3000,000000	3000,000000	0,000000	-3000,000000	3000,000000	0,000000	-3000,000000	3000,000000	0,000000	-3000,000000	3000,000000	0,000000	-3000,000000	3000,000000	0,000000	-3000,000000	3000,000000	0,000000	-3000,000000	3000,000000	0,000000	-3000,000000
93	3000,000000	0,000000	-3000,000000	3000,000000	0,000000	-3000,000000	3000,000000	0,000000	-3000,000000	3000,000000	0,000000	-3000,000000	3000,000000	0,000000	-3000,000000	3000,000000	0,000000	-3000,000000	3000,000000	0,000000	-3000,000000	3000,000000	0,000000	-3000,000000	3000,000000	0,000000	-3000,000000	3000,000000	0,000000	-3000,000000	3000,000000	0,000000	-3000,000000	3000,000000	0,000000	-3000,000000	3000,000000	0,000000	-3000,000000
94	3000,000000	0,000000	-3000,000000	3000,000000	0,000000	-3000,000000	3000,000000	0,000000	-3000,000000	3000,000000	0,000000	-3000,000000	3000,000000	0,000000	-3000,000000	3000,000000	0,000000	-3000,000000	3000,000000	0,000000	-3000,000000	3000,000000	0,000000	-3000,000000	3000,000000	0,000000	-3000,000000	3000,000000	0,000000	-3000,000000	3000,000000	0,000000	-3000,000000	3000,000000	0,000000	-3000,000000	3000,000000	0,000000	-3000,000000
95	3000,000000	0,000000	-3000,000000	3000,000000	0,000000	-3000,000000	3000,000000	0,000000	-3000,000000	3000,000000	0,000000	-3000,000000	3000,000000	0,000000	-3000,000000	3000,000000	0,000000	-3000,000000	3000,000000	0,000000	-3000,000000	3000,000000	0,000000	-3000,000000	3000,000000	0,000000	-3000,000000	3000,000000	0,000000	-3000,000000	3000,000000	0,000000	-3000,000000	3000,000000	0,000000	-3000,000000	3000,000000	0,000000	-3000,000000
96	3000,000000	0,000000	-3000,000000	3000,000000	0,000000	-3000,000000	3000,000000	0,000000	-3000,000000	3000,000000	0,000000	-3000,000000	3000,000000	0,000000	-3000,000000	3000,000000	0,000000	-3000,000000	3000,000000	0,000000	-3000,000000	3000,000000	0,000000	-3000,000000	3000,000000	0,000000	-3000,000000	3000,000000	0,000000	-3000,000000	3000,000000	0,000000	-3000,000000	3000,000000	0,000000	-3000,000000	3000,000000	0,000000	-3000,000000
97	3000,000000	0,000000	-3000,000000	3000,000000	0,000000	-3000,000000	3000,000000	0,000000	-3000,000000	3000,000000	0,000000	-3000,000000	3000,000000	0,000000	-3000,000000	3000,000000	0,000000	-3000,000000	3000,000000	0,000000	-3000,000000	3000,000000	0,000000	-3000,000000	3000,000000	0,000000	-3000,000000	3000,000000	0,000000	-3000,000000	3000,000000	0,000000	-3000,000000	3000,000000	0,000000	-3000,000000	3000,000000	0,000000	-3000,000000
98	3000,000000	0,000000	-3000,000000	3000,000000	0,000000	-3000,000000	3000,000000	0,000000	-3000,000000	3000,000000	0,000000	-3000,000000	3000,000000	0,000000	-3000,000000	3000,000000	0,000000	-3000,000000	3000,000000	0,000000	-3000,000000	3000,000000	0,000000	-3000,000000	3000,000000	0,000000	-3000,000000	3000,000000	0,000000	-3000,000000	3000,000000	0,000000	-3000,000000	3000,000000	0,000000	-3000,000000	3000,000000	0,000000	-3000,000000
99	3000,000000	0,000000	-3000,000000	3000,000000	0,000000	-3000,000000	3000,000000	0,000000	-3000,000000	3000,000000	0,000000	-3000,000000	3000,000000	0,000000	-3000,000000	3000,000000	0,000000	-3000,000000	3000,000000	0,000000	-3000,000000	3000,000000	0,000000	-3000,000000	3000,000000	0,000000	-3000,000000	3000,000000	0,000000	-3000,000000	3000,000000	0,000000	-3000,000000	3000,000000	0,000000	-3000,000000	3000,000000	0,000000	-3000,000000
100	3000,000000	0,000000	-3000,000000	3000,000000	0,000000	-3000,000000	3000,000000	0,000000	-3000,000000	3000,000000	0,000000	-3000,000000	3000,000000	0,000000	-3000,000000	3000,000000	0,000000	-3000,000000	3000,000000	0,000000	-3000,000000	3000,000000	0,000000	-3000,000000	3000,000000	0,000000	-3000,000000	3000,000000	0,000000	-3000,000000	3000,000000	0,000000	-3000,000000	3000,000000	0,000000	-3000,000000	3000,000000	0,000000	-3000,000000
101	3000,000000	0,000000	-3000,000000	3000,000000	0,000000	-3000,000000	3000,000000	0,000000	-3000,000000	3000,000000	0,000000	-3000,000000	3000,000000	0,000000	-3000,000000	3000,000000	0,000000	-3000,000000	3000,000000	0,000000	-3000,000000	3000,000000	0,000000	-3000,000000	3000,000000	0,000000	-3000,000000	3000,000000	0,000000	-3000,000000	3000,000000	0,000000	-3000,000000	3000,000000	0,000000	-3000,000000	3000,000000	0,000000	-3000,000000
102	3000,000000	0,000000	-3000,000000	3000,000000	0,000000	-3000,000000	3000,000000	0,000000	-3000,000000	3000,000000	0,000000	-3000,000000	3000,000000	0,000000	-3000,000000	3000,000000	0,000000	-3000,000000	3000,000000	0,000000	-3000,000000	3000,000000	0,000000	-3000,000000	3000,000000	0,000000	-3000,000000	3000,000000	0,000000	-3000,000000	3000,000000	0,000000	-3000,000000	3000,000000	0,000000	-3000,000000	3000,000000	0,000000	-3000,000000
103	3000,000000	0,000000	-3000,000000	3000,000000	0,000000	-3000,000000	3000,000000	0,000000	-3000,000000	3000,000000	0,000000	-3000,000000	3000,000000	0,000000	-3000,000000	3000,000000	0,000000	-3000,000000	3000,000000	0,000000	-3000,000000	3000,000000	0,000000	-3000,000000	3000,000000	0,000000	-3000,000000	3000,000000	0,000000	-3000,000000	3000,000000	0,000000	-3000,000000	3000,000000	0,000000	-3000,000000	3000,000000	0,000000	-3000,000000
104	3000,000000	0,000000	-3000,000000	3000,000000	0,000000	-3000,000000	3000,000000	0,000000	-3000,000000	3000,000000	0,000000	-3000,000000	3000,000000	0,000000	-3000,000000	3000,000000	0,000000	-3000,000000	3000,000000	0,000000	-3000,000000	3000,000000	0,000000	-3000,000000	3000,000000	0,000000	-3000,000000	3000,000000	0,000000	-3000,000000	3000,000000	0,000000	-3000,000000	3000,000000	0,000000	-3000,000000	3000,000000	0,000000	-3000,000000
105	3000,000000	0,000000	-3000,000000	3000,000000	0,000000	-3000,000000	3000,000000	0,000000	-3000,000000	3000,000000	0,000000	-3000,000000	3000,000000	0,000000	-3000,000000	3000,000000	0,000000	-3000,000000	3000,000000	0,000000	-3000,000000	3000,000000	0,000000	-3000,000000	3000,000000	0,000000	-3000,000000	3000,000000	0,000000	-3000,000000	3000,000000	0,000000	-3000,000000	3000,000000	0,000000	-3000,000000	3000,000000	0,000000	-3000,000000
106	3000,000000	0,000000	-3000,000000	3000,000000	0,000000	-3000,000000	3000,000000	0,000000	-3000,000000	3000,000000	0,000000	-3000,000000	3000,000000	0,000000	-3000,000000	3000,000000	0,000000	-3000,000000	3000,000000	0,000000	-3000,000000	3000,000000	0,000000	-3000,000000	3000,000000	0,000000	-3000,000000	3000,000000	0,000000	-3000,000000	3000,000000	0,000000	-3000,000000	3000,000000	0,000000	-3000,000000	3000,000000	0,000000	-3000,000000
107	3000,000000	0,000000	-3000,000000	3000,000000	0,000000	-3000,000000	3000,000000	0,000000	-3000,000000	3000,000000	0,000000	-3000,000000	3000,000000	0,000000	-3000,000000	3000,000000	0,000000	-3000,000000	3000,000000	0,000000	-3000,000000	3000,000000	0,000000	-3000,000000	3000,000000	0,000000	-3000,000000	3000,000000	0,000000	-3000,000000	3000,000000	0,000000	-3000,000000	3000,000000	0,000000	-3000,000000	3000,000000	0,000000	-3000,000000
108	3000,000000	0,000000	-3000,000000	3000,000000	0,000000	-3000,000000	3000,000000	0,000000	-3000,000000	3000,000000	0,000000	-3000,000000	3000,000000	0,000000	-3000,000000	3000,000000	0,000000	-3000,000000	3000,000000	0,000000	-3000,000000	3000,000000	0,000000	-3000,000000	3000,000000	0,000000	-3000,000000	3000,000000	0,000000	-3000,000000	3000,000000	0,000000	-3000,000000	3000,000000	0,000000	-3000,000000	3000,000000	0,000000	-3000,000000
109	3000,000000	0,000000	-3000,000000	3000,000000	0,000000	-3000,000000	3000,000000	0,000000	-3000,000000	3000,000000	0,000000	-3000,000000	3000,000000	0,000000	-3000,000000	3000,000000	0,000000	-3000,000000	3000,000000	0,000000	-3000,000000	3000,000000	0,000000	-3000,000000	3000,000000	0,000000	-3000,000000	3000,000000	0,000000	-3000,000000	3000,000000	0,000000	-3000,000000	3000,000000	0,000000	-3000,000000	3000,000000	0,000000	-3000,000000
110	3000,000000	0,000000	-3000,000000	3000,000000	0,000000	-3000,000000	3000,000000	0,000000	-3000,000000	3000,000000	0,000000	-3000,000000	3000,000000	0,000000	-3000,000000	3000,000000	0,000000	-3000,000000	3000,000000	0,000000	-3000,000000	3000,000000	0,000000	-3000,000000	3000,000000	0,000000	-3000,000000	3000,000000	0,000000	-3000,000000	3000,000000	0,000000	-3000,000000	3000,000000	0,000000	-3000,000000	3000,000000	0,000000	-3000,000000
111	3000,000000	0,000000	-3000,000000	3000,000000	0,000000	-3000,000000	3000,000000	0,000000	-3000,000000	3000,000000	0,000000	-3000,000000	3000,000000	0,000000	-3000,000000	3000,000000	0,000000	-3000,000000	3000,000000	0,000000	-3000,000000	3000,000000	0,000000	-3000,000000	3000,000000	0,000000	-3000,000000	3000,000000	0,000000	-3000,000000	3000,000000	0,000000	-3000,000000	3000,000000	0,000000	-3000,000000	3000,000000	0,000000	-3000,000000
112	3000,000000	0,000000	-3000,000000	3000,000000	0,000000	-3000,000000	3000,000000	0,000000	-3000,000000	3000,000000	0,000000	-3000,000000	3000,000000	0,000000	-3000,000000	3000,000000	0,000000	-3000,000000	3000,000000	0,000000	-3000,000000	3000,000000	0,000000	-3000,000000	3000,000000	0,000000	-3000,000000	3000,000000	0,000000	-3000,000000	3000,000000	0,000000	-3000,000000	3000,000000	0,000000	-3000,000000	3000,000000	0,000000	-3000,000000
113	3000,000000	0,000000	-3000,000000	3000,000000	0,000000	-3000,000000	3000,000000	0,000000	-3000,000000	3000,000000	0,000000	-3000,000000	3000,000000	0,000000	-3000,000000	3000,000000	0,000000	-3000,000000	3000,000000	0,000000	-3000,000000	3000,000000	0,000000	-3000,000000	3000,000000	0,000000	-3000,000000	3000,000000	0,000000	-3000,000000	3000,000000	0,000000	-3000,000000	3000,000000	0,000000	-3000,000000	3000,000000	0,000000	-3000,000000
114	3000,000000	0,000000	-3000,000000	3000,000000	0,000000	-3000,000000	3000,000000	0,000000	-3000,000000	3000,000000	0,000000	-3000,000000	3000,000000	0,000000	-3000,000000	3000,000000	0,000000	-3000,000000	3000,000000	0,000000	-3000,000000	3000,000000	0,000000	-3000,000000	3000,000000	0,000000	-3000,000000	3000,000000	0,000000	-3000,000000	3000,000000	0,000000	-3000,000000	3000,000000	0,000000	-3000,000000	3000,000000	0,000000	-3000,000000
115	3000,000000	0,000000	-3000,000000	3000,000000	0,000000	-3000,000000	3000,000000	0,000000	-3000,000000	3000,000000	0,000000	-3000,000000	3000,000000	0,000000	-3000,000000	3000,000000	0,000000	-3000,000000	3000,000000	0,000000	-3000,000000	3000,000000	0,000000	-3000,000000	3000,000000	0,000000	-3000,000000	3000,000000	0,000000	-3000,000000	3000,000000	0,000000	-3000,000000	3000,000000	0,000000	-3000,000000	3000,000000	0,000000	-3000,000000
116	3000,000000	0,000000	-3000,000000	3000,000000	0,000000	-3000,000000	3000,000000	0,000000	-3000,000000	3000,000000	0,000000	-3000,000000	3000,000000	0,000000	-3000,000000	3000,000000	0,000000	-3000,000000	3000,000000	0,000000	-3000,000000	3000,000000	0,000000	-3000,000000	3000,000000	0,000000	-3000,000000	3000,000000	0,000000	-3000,000000	3000,000000	0,000000	-3000,000000	3000,000000	0,000000	-3000,000000	3000,000000	0,000000	-3000,000000
117	3000,000000	0,000000	-3000,000000	3000,000000	0,000000	-3000,000000	3000,000000	0,000000	-3000,000000	3000,000000	0,000000	-3000,000000	3000,000000	0,000000	-3000,000000	3000,000000	0,000000	-3000,000000	3000,000000	0,000000	-3000,000000	3000,000000	0,000000	-3000,000000	3000,000000	0,000000	-3000,000000	3000,000000	0,000000	-3000,000000	3000,000000	0,000000	-3000,000000	3000,000000	0,000000	-3000,000000	3000,000000	0,000000	-3000,000000
118	3000,000000	0,000000	-3000,000000	3000,000000	0,000000	-3000,000000	3000,000000	0,000000	-3000,000000	3000,000000	0,000000	-3000,000000	3000,000000	0,000000	-3000,000000	3000,000000	0,000000	-3000,000000	3000,000000	0,000000	-3000,000000	3000,000000	0,000000	-3000,000000	3000,000000	0,000000	-3000,000000	3000,000000	0,000000	-3000,000000	3000,000000	0,000000	-3000,000000	3000,000000	0,000000	-3000,000000	3000,000000	0,000000	-3000,000000
119	3000,000000	0,000000	-3000,000000	3000,000000	0,000000	-3000,000000	3000,000000	0,000000	-3000,000000	3000,000000	0,000000	-3000,000000	3000,000000	0,000000	-3000,000000	3000,000000	0,000000	-3000,000000	3000,000000	0,000000	-3000,000000	3000,000000	0,000000	-3000,000000	3000,000000	0,000000	-3000,000000	3000,000000	0,000000	-3000,000000	3000,000000	0,000000	-3000,000000	3000,000000	0,000000	-3000,000000	3000,000000	0,000000	-3000,000000
120	3000,000000	0,000000	-3000,000000	3000,000000	0,000000	-3000,000000	3000,000000	0,000000	-3000,000000	3000,000000	0,000000	-3000,000000	3000,000000	0,000000	-3000,000000	3000,000000	0,000000	-3000,000000	3000,000000	0,000000	-3000,000000	3000,000000	0,000000	-3000,000000	3000,000000	0,000000	-3000,000000	3000,000000	0,000000	-3000,000000	3000,000000	0,000000	-3000,000000	3000,000000	0,000000	-3000,000000	3000,000000	0,000000	-3000,000000
121	3000,000000	0,000000	-3000,000000	3000,000000	0,000000	-3000,000000	3000,000000	0,000000	-3000,000000	3000,000000	0,000000	-3000,000000	3000,000000	0,000000	-3000,000000	3000,000000	0,000000	-3000,000000	3000,000000	0,000000	-3000,000000	3000,000000	0,000000	-3000,000000	3000,000000	0,000000	-3000,000000	3000,000000	0,000000	-3000,000000	3000,000000	0,000000	-3000,000000	3000,000000	0,000000	-3000,000000	3000,000000	0,000000	-3000,000000
122	3000,000000	0,000000	-3000,000000	3000,000000	0,000000	-3000,000000	3000,000000	0,000000	-3000,000000	3000,000000	0,000000	-3000,000000	3000,000000	0,000000	-3000,000000	3000,000000	0,000000	-3000,000000	3000,000000	0,000000	-3000,000000	3000,000000	0,000000	-3000,000000	3000,000000	0,000000	-3000,000000	3000,000000	0,000000	-3000,000000	3000,000000	0,000000	-3000,000000	3000,000000	0,000000	-3000,000000	3000,000000	0,000000	-3000,000000
123	3000,000000	0,000000	-3000,000000	3000,000000	0,000000	-3000,000000	3000,000000	0,000000	-3000,000000	3000,000000	0,000000	-3000,000000	3000,000000	0,000000	-3000,000000	3000,000000	0,000000	-3000,000000	3000,000000	0,000000	-3000,000000	3000,000000	0,000000	-3000,000000	3000,000000	0,000000	-3000,000000	3000,000000	0,000000	-3000,000000	3000,000000	0,000000	-3000,000000	3000,000000	0,000000	-3000,000000	3000,000000	0,000000	-3000,000000
124	3000,000000	0,000000	-3000,000000	3000,000000	0,000000	-3000,000000	3000,000000	0,000000	-3000,000000	3000,000000	0,000000	-3000,000000	3000,000000	0,000000	-3000,000000	3000,000000	0,000000	-3000,000000	3000,000000	0,000000	-3000,000000	3000,000000	0,000000	-3000,000000	3000,000000	0,000000	-3000,000000	3000,000000	0,000000	-3000,000000	3000,000000	0,000000	-3000,000000	3000,000000	0,000000	-3000,000000	3000,000000	0,000000	-3000,000000
125	3000,000000	0,000000	-3000,000000	3000,000000	0,000000	-3000,000000	3000,000000	0,000000	-3000,000000	3000,000000	0,000000	-3000,000000	3000,000000	0,000000	-3000,000000	3000,000000	0,000000	-3000,000000	3000,000000	0,000000	-3000,000000	3000,000000	0,000000	-3000,000000	3000,000000	0,000000	-3000,000000	3000,000000	0,000000	-3000,000000	3000,000000	0,000000	-3000,000000	3000,000000	0,000000	-3000,000000	3000,000000	0,000000	-3000,000000
126	3000,000000	0,000000	-3000,000000	3000,000000	0,000000	-3000,000000	3000,000000	0,000000	-3000,000000	3000,000000	0,000000	-3000,000000	3000,000000	0,000000	-3000,000000	3000,000000	0,000000	-3000,000000	3000,000000	0,000000	-3000,000000	3000,000000	0,000000	-3000,000000	3000,000000	0,000000	-3000,000000	3000,000000	0,000000	-3000,000000	3000,000000	0,000000	-3000,000000	3000,000000	0,000000	-3000,000000	3000,000000	0,000000	-3000,000000
127	3000,000000	0,000000	-3000,000000	3000,000000	0,000000	-3000,000000	3000,000000	0,000000	-3000,000000	3000,000000	0,000000	-3000,000000	3000,000000	0,000000	-3000,000000	3000,000000	0,000000	-3000,000000	3000,000000	0,000000	-3000,000000	3000,000000	0,000000	-3000,000000	3000,000000	0,000000	-3000,000000	3000,000000	0,000000	-3000,000000	3000,000000	0,000000	-3000,000000	3000,000000	0,000000	-3000,000000	3000,000000	0,000000	-3000,000000
128	3000,000000	0,000000	-3000,000000	3000,000000	0,000000	-3000,000000	3000,000000	0,000000	-3000,000000	3000,000000	0,000000	-3000,000000	3000,000000	0,000000	-3000,000000	3000,000000	0,000000	-3000,000000	3000,000000	0,000000	-3000,000000	3000,000000	0,000000	-3000,000000	3000,000000	0,000000	-3000,000000	3000,000000	0,000000	-3000,000000	3000,000000	0,000000	-3000,000000	3000,000000	0,000000	-3000,000000	3000,000000	0,000000	-3000,000000
129	3000,000000	0,000000	-3000,000000	3000,000000	0,000000	-3000,000000	3000,000000	0,000000	-3000,000000	3000,000000	0,000000	-3000,000000	3000,000000	0,000000	-3000,000000	3000,000000	0,000000	-3000,000000	3000,000000	0,000000	-3000,000000	3000,000000	0,000000	-3000,000000	3000,000000	0,000000	-3000,000000	3000,000000	0,000000	-3000,000000	3000,000000	0,000000	-3000,000000	3000,000000	0,000000	-3000,000000	3000,000000	0,000000	-3000,000000
130	3000,000000	0,000000	-3000,000000	3000,000000	0,000000	-3000,000000	3000,000000	0,000000	-3000,000000	3000,000000	0,000000	-3000,000000	3000,000000	0,000000	-3000,000000	3000,000000	0,000000	-3000,000000	3000,000000	0,000000	-3000,000000	3000,000000	0,000000	-3000,000000	3000,000000	0,000000	-3000,000000	3000,000000	0,000000	-3000,000000	3000,000000	0,000000	-3000,000000	3000,000000	0,000000	-3000,000000	3000,000000	0,000000	-3000,000000
131	3000,000000	0,000000	-3000,000000	3000,000000	0,000000	-3000,000000	3000,000000	0,000000	-3000,000000	3000,000000	0,000000	-3000,000000	3000,000000	0,000000	-3000,000000	3000,000000	0,000000	-3000,000000	3000,000000	0,000000	-3000,000000	3000,000000	0,000000	-3000,000000	3000,000000	0,000000	-3000,000000	3000,000000	0,000000	-3000,000000	3000,000000	0,000000	-3000,000000	3000,000000	0,000000	-3000,000000	3000,000000	0,000000	-3000,000000
132	3000,000000	0,000000	-3000,000000	3000,000000	0,000000	-3000,000000	3000,000000	0,000000	-3000,000000	3000,000000	0,000000	-3000,000000	3000,000000	0,000000	-3000,000000	3000,000000	0,000000	-3000,000000	3000,000000	0,000000	-3000,000000	3000,000000	0,000000	-3000,000000	3000,000000	0,000000	-3000,000000	3000,000000	0,000000	-3000,000000	3000,000000	0,000000	-3000,000000	3000,000000	0,000000	-3000,000000	3000,000000	0,000000	-3000,000000
133	3000,000000	0,000000	-3000,000000	3000,000000	0,000000	-3000,000000	3000,000000	0,000000	-3000,000000	3000,000000	0,000000	-3000,000000	3000,000000	0,000000	-3000,000000	3000,000000	0,000000	-3000,000000	3000,000000	0,000000	-3000,000000	3000,000000	0,000000	-3000,000000	3000,000000	0,000000	-3000,000000	3000,000000	0,000000	-3000,000000	3000,000000	0,000000	-3000,000000	3000,000000	0,000000	-3000,000000	3000,000000	0,000000	-3000,000000
134	3000,000000	0,000000	-3000,000000	3000,000000	0,000000	-3000,000000	3000,000000	0,000000	-3000,000000	3000,000000	0,000000	-3000,000000	3000,000000	0,000000	-3000,000000	3000,000000	0,000000	-3000,000000	3000,000000	0,000000	-3000,000000	3000,000000	0,000000	-3000,000000	3000,000000	0,000000	-3000,000000	3000,000000	0,000000	-3000,000000	3000,000000	0,000000	-3000,000000	3000,000000	0,000000	-3000,000000	3000,000000	0,000000	-3000,000000
135	3000,000000	0,000000	-3000,000000	3000,000000	0,000000	-3000,000000	3000,000000	0,000000	-3000,000000	3000,000000	0,000000	-3000,000000	3000,000000	0,000000	-3000,000000	3000,000000	0,000000	-3000,000000	3000,000000	0,000000	-3000,000000	3000,000000	0,000000	-3000,000000	3000,000000	0,000000	-3000,000000	3000,000000	0,000000	-3000,000000	3000,000000	0,000000	-3000,000000	3000,000000	0,000000	-3000,000000	3000,000000	0,000000	-3000,000000
136	3000,000000	0,000000	-3000,000000	3000,000000	0,000000	-3000,000000	3000,000000	0,000000	-3000,000000	3000,000000	0,000000	-3000,000000	3000,000000	0,000000	-3000,000000	3000,000000	0,000000	-3000,000000	3000,000000	0,000000	-3000,000000	3000,000000	0,000000	-3000,000000	3000,000000	0,000000	-3000,000000	3000,000000	0,000000	-3000,000000	3000,000000	0,000000	-3000,000000	3000,000000	0,000000	-3000,000000	3000,000000	0,000000	-3000,000000
137	3000,000000	0,000000	-3000,000000	3000,000000	0,000000	-3000,000000	3000,000000	0,000000	-3000,000000	3000,000000	0,000000	-3000,000000	3000,000000	0,000000	-3000,000000	3000,000000	0,000000	-3000,000000	3000,000000	0,000000	-3000,000000	3000,000000	0,000000	-3000,000000	3000,000000	0,000000	-3000,000000	3000,000000	0,000000	-3000,000000	3000,000000	0,000000	-3000,000000	3000,000000	0,000000	-3000,000000	3000,000000	0,000000	-3000,000000
138	3000,000000	0,000000	-3000,000000	3000,000000	0,000000	-3000,000000	3000,000000	0,000000	-3000,000000	3000,000000	0,000000	-3000,000000	3000,000000	0,000000	-3000,000000	3000,000000	0,000000	-3000,000000	3000,000000	0,000000	-3000,000000	3000,000000	0,000000	-3000,000000	3000,000000	0,000000	-3000,000000	3000,000000	0,000000	-3000,000000	3000,000000	0,000000	-3000,000000	3000,000000	0,000000	-3000,000000	3000,000000	0,000000	-3000,000000
139	3000,000000	0,000000	-3000,000000	3000,000000	0,000000	-3000,000000	3000,000000	0,000000	-3000,000000	3000,000000	0,000000	-3000,000000	3000,000000	0,000000	-3000,000000	3000,000000	0,000000	-3000,000000	3000,000000	0,000000	-3000,000000	3000,000000	0,000000	-3000,000000	3000,000000	0,000000	-3000,000000	3000,000000	0,000000	-3000,000000	3000,000000	0,000000	-3000,000000	3000,000000	0,000000	-3000,000000	3000,000000	0,000000	-3000,000000
140	3000,000000	0,000000	-3000,000000	3000,000000	0,000000	-3000,000000	3000,000000	0,000000	-3000,000000	3000,000000	0,000000	-3000,000000	3000,000000	0,000000	-3000,000000	3000,000000	0,000000	-3000,000000	3000,000000	0,000000	-3000,000000	3000,000000	0,000000	-3000,000000	3000,000000	0,000000	-3000,000000	3000,000000	0,000000	-3000,000000	3000,000000	0,000000	-3000,000000	3000,000000	0,000000	-3000,000000	3000,000000	0,000000	-3000,000000
141	3000,000000	0,000000	-3000,000000	3000,000000	0,000000	-3000,000000	3000,000000	0,000000	-3000,000000	3000,000000	0,000000	-3000,000000	3000,000000	0,000000	-3000,000000	3000,000000	0,000000	-3000,000000	3000,000000	0,000000	-3000,000000	3000,000000	0,000000	-3000,000000	3000,000000	0,000000	-3000,000000	3000,000000	0,000000	-3000,000000	3000,000000	0,000000	-3000,000000	3000,000000	0,000000	-3000,000000	3000,000000	0,000000	-3000,000000
142	3000,000000	0,000000	-3000,000000	3000,000000	0,000000	-3000,000000	3000,000000	0,000000	-3000,000000	3000,000000	0,000000	-3000,000000	3000,000000	0,000000	-3000,000000	3000,000000	0,000000	-3000,000000	3000,000000	0,000000	-3000,000000	3000,000000	0,000000	-3000,000000	3000,000000	0,000000	-3000,000000	3000,000000	0,000000	-3000,000000	3000,000000	0,000000	-3000,000000	3000,000000	0,000000	-3000,000000	3000,000000	0,000000	-3000,000000
143	3000,000000	0,000000	-3000,000000	3000,000000	0,000000	-3000,000000	3000,000000	0,000000	-3000,000000	3000,000000	0,000000	-3000,000000	3000,000000	0,000000	-3000,000000	3000,000000	0,000000	-3000,000000	3000,000000	0,000000	-3000,000000	3000,000000	0,000000	-3000,000000	3000,000000	0,000000	-3000,000000	3000,000000	0,000000	-3000,000000	3000,000000	0,000000	-3000,000000	3000,000000	0,000000	-3000,000000	3000,000000	0,000000	-3000,000000
144	3000,000000	0,000000	-3000,000000	3000,000000	0,000000	-3000,000000	3000,000000	0,000000	-3000,000000	3000,000000	0,000000	-3000,000000	3000,000000	0,000000	-3000,000000	3000,000000	0,000000	-3000,000000	3000,000000	0,000000	-3000,000000	3000,000000	0,000000	-3000,000000	3000,000000	0,000000	-3000,000000	3000,000000	0,000000	-3000,000000	3000,000000	0,000000	-3000,000000	3000,000000	0,000000	-3000,000000	3000,000000	0,000000	-3000,000000
145	3000,000000	0,000000	-3000,000000	3000,000000	0,000000	-3000,000000	3000,000000	0,000000	-3000,000000	3000,000000	0,000000	-3000,000000	3000,000000	0,000000	-3000,000000	3000,000000	0,000000	-3000,000000	3000,000000	0,000000	-3000,000000	3000,000000	0,000000	-3000,000000	3000,000000	0,000000	-3000,000000	3000,000000	0,000000	-3000,000000	3000,000000	0,000000	-3000,000000	3000,000000	0,000000	-3000,000000	3000,000000	0,000000	-3000,000000
146	3000,000000	0,000000	-3000,000000	3000,000000	0,000000	-3000,000000	3000,000000	0,000000	-3000,000000	3000,000000	0,000000	-3000,000000	3000,000000	0,000000	-3000,000000	3000,000000	0,000000	-3000,000000	3000,000000	0,000000	-3000,000000	3000,000000	0,000000	-3000,000000	3000,000000	0,000000	-3000,000000	3000,000000	0,000000	-3000,000000	3000,000000	0,000000	-3000,000000	3000,000000	0,000000	-3000,000000	3000,000000	0,000000	-3000,000000
147	3000,000000	0,000000	-3000,000000	3000,000000	0,000000	-3000,000000	3000,000000	0,000000	-3000,000000	3000,000000	0,000000	-3000,000000	3000,000000	0,000000	-3000,000000	3000,000000	0,000000	-3000,000000	3000,000000	0,000000	-3000,000000	3000,000000	0,000000	-3000,000000	3000,000000	0,000000	-3000,000000	3000,000000	0,000000	-3000,000000	3000,000000	0,000000	-3000,000000	3000,000000	0,000000	-3000,000000	3000,000000	0,000000	-3000,000000
148	3000,000000	0,000000	-3000,000000	3000,000000	0,000000	-3000,000000	3000,000000	0,000000	-3000,000000	3000,000000	0,000000	-3000,000000	3000,000000	0,000000	-3000,000000	3000,000000	0,000000	-3000,000000	3000,000000	0,000000	-3000,000000	3000,000000	0,000000	-3000,000000	3000,000000	0,000000	-3000,000000	3000,000000	0,000000	-3000,000000	3000,000000	0,000000	-3000,000000	3000,000000	0,000000	-3000,000000	3000,000000	0,000000	-3000,000000
149	3000,000000	0,000000	-3000,000000	3000,000000	0,000000	-3000,000000	3000,000000	0,000000	-3000,000000	3000,000000	0,000000	-3000,000000	3000,000000	0,000000	-3000,000000	3000,000000	0,000000	-3000,000000	3000,000000	0,000000	-3000,000000	3000,000000	0,000000	-3000,000000	3000,000000	0,000000	-3000,000000	3000,000000	0,000000	-3000,000000	3000,000000	0,000000	-3000,000000	3000,000000	0,000000	-3000,000000	3000,000000	0,000000	-3000,000000
150	3000,000000	0,000000	-3000,000000	3000,000000	0,000000	-3000,000000	3000,000000	0,000000	-3000,000000	3000,000000	0,000000	-3000,000000	3000,000000	0,000000	-3000,000000	3000,000000	0,000000	-3000,000000	3000,000000	0,000000	-3000,000000	3000,000000	0,000000	-3000,000000	3000,000000	0,000000	-3000,000000	3000,000000	0,000000	-3000,000000	3000,000000	0,000000	-3000,000000	3000,000000	0,000000	-3000,000000	3000,000000	0,000000	-3000,000000
151	3000,000000	0,000000	-3000,000000	3000,000000	0,000000	-3000,000000	3000,000000	0,000000	-3000,000000	3000,000000	0,000000	-3000,000000	3000,000000	0,000000	-3000,000000	3000,000000	0,000000	-3000,000000	3000,000000	0,000000	-3000,000000	3000,000000	0,000000	-3000,000000	3000,000000	0,000000	-3000,000000	3000,000000	0,000000	-3000,000000	3000,000000	0,000000	-3000,000000	3000,000000	0,000000	-3000,000000	3000,000000	0,000000	-3000,000000
