	3D Point 117:LA			3D Point 117:RA		
Frame	x	y	z	x	y	z
1	9,492116	-3,789630	30,047568	-9,492116	3,789630	-30,047568
2	9,515275	-3,807656	30,125183	-9,864212	5,273442	-27,823987
3	9,543558	-3,816641	30,091653	-10,234457	6,755104	-25,048732
4	9,567487	-3,829961	30,092279	-10,572420	8,116119	-21,845827
5	9,540931	-3,895498	30,159073	-10,834188	9,377388	-18,420992
6	9,537867	-3,902293	30,164685	-11,033440	10,477293	-14,900798
7	9,531185	-3,893884	30,152591	-11,095992	11,347404	-11,117816
8	9,528017	-3,901193	30,161230	-11,136836	11,933083	-7,130849
9	9,537524	-3,898184	30,156427	-11,151905	12,223786	-2,946782
10	9,546591	-3,893369	30,157352	-11,182372	12,151024	1,384602
11	9,559371	-3,881049	30,155563	-11,190512	11,736892	5,812884
12	9,565622	-3,868357	30,156070	-11,125135	11,039606	10,392246
13	9,562305	-3,853143	30,149600	-11,030750	10,043171	15,188058
14	9,552324	-3,822277	30,150919	-10,929890	8,759863	20,181648
15	9,553204	-3,799055	30,159790	-10,842786	7,252897	25,372202
16	9,579945	-3,770514	30,157373	-10,743799	5,644875	30,730930
17	9,537818	-3,741791	30,187012	-10,707716	3,997275	36,256894
18	9,519250	-3,690327	30,199774	-10,686555	2,339167	41,994708
19	9,496137	-3,647748	30,232318	-10,714689	0,816260	47,787347
20	9,485916	-3,590808	30,247787	-10,850722	-0,501815	53,668262
21	9,459764	-3,537442	30,271094	-10,945446	-1,518311	59,555634
22	9,397515	-3,474437	30,316193	-11,108007	-2,156514	65,382721
23	9,347357	-3,379303	30,343478	-11,217516	-2,369987	71,025116
24	9,269193	-3,254089	30,414709	-11,233305	-2,245036	76,283020
25	9,179568	-3,098600	30,480542	-11,124816	-1,861689	80,954608
26	9,086217	-2,900069	30,598016	-11,060914	-1,511567	84,891241
27	9,056946	-2,634023	30,758380	-10,978493	-1,210676	88,119153
28	9,063311	-2,285397	30,926031	-10,759633	-1,275563	90,342615
29	9,138863	-1,880508	31,173981	-10,473389	-1,740582	91,669653
30	9,278896	-1,364073	31,460208	-10,241917	-2,402766	92,346161
31	9,438390	-0,813498	31,840228	-10,027193	-3,195419	92,586945
32	9,621388	-0,141144	32,256812	-9,831002	-3,284252	93,237030
33	9,844825	0,647427	32,888461	-9,944586	-3,019813	94,843317
34	10,000174	1,597076	33,665826	-9,908757	-3,348071	95,190485
35	10,129629	2,635011	34,687073	-9,706950	-3,000246	95,209576
36	10,217658	3,765838	36,086633	-9,624274	-3,054768	95,575500
37	10,222585	4,917295	37,949478	-9,568731	-3,054064	95,636951
38	10,242359	6,105547	40,054889	-9,527676	-3,004008	95,627319
39	10,240237	7,344652	42,354089	-9,528072	-3,059195	95,648059
40	10,210437	8,615543	44,990506	-9,541963	-3,051691	95,615723
41	10,153160	9,863321	47,940268	-9,587154	-3,077780	95,613251
42	10,031180	10,980405	51,188055	-9,615455	-3,097042	95,588379
43	9,879436	11,904834	54,594476	-9,637585	-3,101077	95,552234
44	9,677219	12,602710	58,124640	-9,647501	-3,115778	95,496893
45	9,487549	13,046870	61,822778	-9,648920	-3,112496	95,461658
46	9,305766	13,133615	65,732123	-9,662711	-3,120128	95,437262
47	9,166113	12,974692	69,740521	-9,694588	-3,120321	95,426270
48	8,971172	12,607836	73,902484	-9,712886	-3,115551	95,425781
49	8,816147	11,874462	78,339740	-9,719558	-3,102418	95,422467
50	8,693770	10,789925	82,949469	-9,726485	-3,086136	95,413483
51	8,550446	9,661919	87,681976	-9,733235	-3,074471	95,405347
52	8,440426	8,301331	92,681256	-9,740055	-3,056259	95,392120
53	8,377893	6,866743	97,838342	-9,742986	-3,034469	95,394067
54	8,366485	5,339496	103,209814	-9,736002	-3,007249	95,396442
55	8,371506	3,904159	108,705469	-9,717091	-2,985050	95,415594
56	8,401536	2,559207	114,301208	-9,693785	-2,953834	95,430945
57	8,865971	1,829245	119,720166	-9,664882	-2,917448	95,442792
58	8,521157	0,374654	125,768250	-9,627782	-2,870188	95,467938
59	8,641648	-0,267479	131,552930	-9,587625	-2,812577	95,521228
60	8,833548	-0,518543	137,273267	-9,553082	-2,747232	95,592889
61	9,043793	-0,264127	142,733435	-9,499065	-2,632036	95,680463
62	9,188305	0,314131	147,718896	-9,415737	-2,500456	95,765491
63	9,274347	0,966475	152,199329	-9,359346	-2,277625	95,845001
64	9,318256	1,539849	155,867749	-9,352878	-2,015669	95,964252
65	9,380036	1,689455	158,419800	-9,390057	-1,704052	96,106476
66	9,490912	1,363420	159,985596	-9,490912	-1,363420	96,311554
67	3000,000000	0,000000	-3000,000000	3000,000000	0,000000	-3000,000000
68	3000,000000	0,000000	-3000,000000	3000,000000	0,000000	-3000,000000
69	3000,000000	0,000000	-3000,000000	3000,000000	0,000000	-3000,000000
70	3000,000000	0,000000	-3000,000000	3000,000000	0,000000	-3000,000000
71	3000,000000	0,000000	-3000,000000	3000,000000	0,000000	-3000,000000
72	3000,000000	0,000000	-3000,000000	3000,000000	0,000000	-3000,000000
73	3000,000000	0,000000	-3000,000000	3000,000000	0,000000	-3000,000000
74	3000,000000	0,000000	-3000,000000	3000,000000	0,000000	-3000,000000
75	3000,000000	0,000000	-3000,000000	3000,000000	0,000000	-3000,000000
76	3000,000000	0,000000	-3000,000000	3000,000000	0,000000	-3000,000000
77	3000,000000	0,000000	-3000,000000	3000,000000	0,000000	-3000,000000
78	3000,000000	0,000000	-3000,000000	3000,000000	0,000000	-3000,000000
79	3000,000000	0,000000	-3000,000000	3000,000000	0,000000	-3000,000000
80	3000,000000	0,000000	-3000,000000	3000,000000	0,000000	-3000,000000
81	3000,000000	0,000000	-3000,000000	3000,000000	0,000000	-3000,000000
82	3000,000000	0,000000	-3000,000000	3000,000000	0,000000	-3000,000000
83	3000,000000	0,000000	-3000,000000	3000,000000	0,000000	-3000,000000
84	3000,000000	0,000000	-3000,000000	3000,000000	0,000000	-3000,000000
85	3000,000000	0,000000	-3000,000000	3000,000000	0,000000	-3000,000000
86	3000,000000	0,000000	-3000,000000	3000,000000	0,000000	-3000,000000
87	3000,000000	0,000000	-3000,000000	3000,000000	0,000000	-3000,000000
88	3000,000000	0,000000	-3000,000000	3000,000000	0,000000	-3000,000000
89	3000,000000	0,000000	-3000,000000	3000,000000	0,000000	-3000,000000
90	3000,000000	0,000000	-3000,000000	3000,000000	0,000000	-3000,000000
91	3000,000000	0,000000	-3000,000000	3000,000000	0,000000	-3000,000000
92	3000,000000	0,000000	-3000,000000	3000,000000	0,000000	-3000,000000
93	3000,000000	0,000000	-3000,000000	3000,000000	0,000000	-3000,000000
94	3000,000000	0,000000	-3000,000000	3000,000000	0,000000	-3000,000000
95	3000,000000	0,000000	-3000,000000	3000,000000	0,000000	-3000,000000
96	3000,000000	0,000000	-3000,000000	3000,000000	0,000000	-3000,000000
97	3000,000000	0,000000	-3000,000000	3000,000000	0,000000	-3000,000000
98	3000,000000	0,000000	-3000,000000	3000,000000	0,000000	-3000,000000
99	3000,000000	0,000000	-3000,000000	3000,000000	0,000000	-3000,000000
100	3000,000000	0,000000	-3000,000000	3000,000000	0,000000	-3000,000000
101	3000,000000	0,000000	-3000,000000	3000,000000	0,000000	-3000,000000
102	3000,000000	0,000000	-3000,000000	3000,000000	0,000000	-3000,000000
103	3000,000000	0,000000	-3000,000000	3000,000000	0,000000	-3000,000000
104	3000,000000	0,000000	-3000,000000	3000,000000	0,000000	-3000,000000
105	3000,000000	0,000000	-3000,000000	3000,000000	0,000000	-3000,000000
106	3000,000000	0,000000	-3000,000000	3000,000000	0,000000	-3000,000000
107	3000,000000	0,000000	-3000,000000	3000,000000	0,000000	-3000,000000
108	3000,000000	0,000000	-3000,000000	3000,000000	0,000000	-3000,000000
109	3000,000000	0,000000	-3000,000000	3000,000000	0,000000	-3000,000000
110	3000,000000	0,000000	-3000,000000	3000,000000	0,000000	-3000,000000
111	3000,000000	0,000000	-3000,000000	3000,000000	0,000000	-3000,000000
112	3000,000000	0,000000	-3000,000000	3000,000000	0,000000	-3000,000000
113	3000,000000	0,000000	-3000,000000	3000,000000	0,000000	-3000,000000
114	3000,000000	0,000000	-3000,000000	3000,000000	0,000000	-3000,000000
115	3000,000000	0,000000	-3000,000000	3000,000000	0,000000	-3000,000000
116	3000,000000	0,000000	-3000,000000	3000,000000	0,000000	-3000,000000
117	3000,000000	0,000000	-3000,000000	3000,000000	0,000000	-3000,000000
118	3000,000000	0,000000	-3000,000000	3000,000000	0,000000	-3000,000000
119	3000,000000	0,000000	-3000,000000	3000,000000	0,000000	-3000,000000
120	3000,000000	0,000000	-3000,000000	3000,000000	0,000000	-3000,000000
121	3000,000000	0,000000	-3000,000000	3000,000000	0,000000	-3000,000000
122	3000,000000	0,000000	-3000,000000	3000,000000	0,000000	-3000,000000
123	3000,000000	0,000000	-3000,000000	3000,000000	0,000000	-3000,000000
124	3000,000000	0,000000	-3000,000000	3000,000000	0,000000	-3000,000000
125	3000,000000	0,000000	-3000,000000	3000,000000	0,000000	-3000,000000
126	3000,000000	0,000000	-3000,000000	3000,000000	0,000000	-3000,000000
127	3000,000000	0,000000	-3000,000000	3000,000000	0,000000	-3000,000000
128	3000,000000	0,000000	-3000,000000	3000,000000	0,000000	-3000,000000
129	3000,000000	0,000000	-3000,000000	3000,000000	0,000000	-3000,000000
130	3000,000000	0,000000	-3000,000000	3000,000000	0,000000	-3000,000000
131	3000,000000	0,000000	-3000,000000	3000,000000	0,000000	-3000,000000
132	3000,000000	0,000000	-3000,000000	3000,000000	0,000000	-3000,000000
133	3000,000000	0,000000	-3000,000000	3000,000000	0,000000	-3000,000000
134	3000,000000	0,000000	-3000,000000	3000,000000	0,000000	-3000,000000
135	3000,000000	0,000000	-3000,000000	3000,000000	0,000000	-3000,000000
136	3000,000000	0,000000	-3000,000000	3000,000000	0,000000	-3000,000000
137	3000,000000	0,000000	-3000,000000	3000,000000	0,000000	-3000,000000
138	3000,000000	0,000000	-3000,000000	3000,000000	0,000000	-3000,000000
139	3000,000000	0,000000	-3000,000000	3000,000000	0,000000	-3000,000000
140	3000,000000	0,000000	-3000,000000	3000,000000	0,000000	-3000,000000
141	3000,000000	0,000000	-3000,000000	3000,000000	0,000000	-3000,000000
142	3000,000000	0,000000	-3000,000000	3000,000000	0,000000	-3000,000000
143	3000,000000	0,000000	-3000,000000	3000,000000	0,000000	-3000,000000
144	3000,000000	0,000000	-3000,000000	3000,000000	0,000000	-3000,000000
145	3000,000000	0,000000	-3000,000000	3000,000000	0,000000	-3000,000000
146	3000,000000	0,000000	-3000,000000	3000,000000	0,000000	-3000,000000
147	3000,000000	0,000000	-3000,000000	3000,000000	0,000000	-3000,000000
148	3000,000000	0,000000	-3000,000000	3000,000000	0,000000	-3000,000000
149	3000,000000	0,000000	-3000,000000	3000,000000	0,000000	-3000,000000
150	3000,000000	0,000000	-3000,000000	3000,000000	0,000000	-3000,000000
151	3000,000000	0,000000	-3000,000000	3000,000000	0,000000	-3000,000000
