	3D Point 117:LA			3D Point 117:RA		
Frame	x	y	z	x	y	z
1	9,365421	-2,711470	31,970175	-9,365421	2,711470	-31,970175
2	9,277605	-2,648778	32,451093	-9,645817	3,774661	-30,394138
3	9,166315	-2,642709	32,546448	-10,031462	4,880648	-28,383157
4	9,078064	-2,609402	32,627448	-10,429368	6,189787	-26,225449
5	9,127144	-2,656535	32,643564	-10,783991	7,717554	-23,760063
6	9,132124	-2,654160	32,618518	-11,129265	9,112757	-20,739493
7	9,111277	-2,733754	32,707291	-11,414106	10,391965	-17,373958
8	9,123769	-2,729594	32,690833	-11,615547	11,540816	-13,883334
9	9,110079	-2,744582	32,706287	-11,723836	12,504460	-10,274780
10	9,104213	-2,736711	32,696579	-11,752399	13,201601	-6,339547
11	9,113826	-2,732951	32,688126	-11,764507	13,600223	-2,256058
12	9,121839	-2,732068	32,690744	-11,751994	13,692418	1,994226
13	9,128208	-2,720909	32,695306	-11,760414	13,395572	6,381418
14	9,136770	-2,711998	32,697446	-11,706195	12,799378	10,868822
15	9,137425	-2,698031	32,694193	-11,614342	11,897643	15,560300
16	9,123491	-2,674822	32,695642	-11,484930	10,703370	20,437790
17	9,156863	-2,649887	32,681699	-11,352146	9,231018	25,543895
18	9,157912	-2,624504	32,691229	-11,211844	7,651805	30,761572
19	9,151634	-2,591583	32,706696	-11,141776	5,977329	36,190948
20	9,105910	-2,552814	32,734525	-11,029255	4,234373	41,805222
21	9,084437	-2,505042	32,752832	-11,028992	2,600177	47,566180
22	9,058044	-2,461238	32,780978	-11,077309	1,085407	53,436481
23	9,049176	-2,401834	32,798248	-11,169112	-0,134170	59,268512
24	8,993464	-2,350281	32,847137	-11,273750	-1,013588	65,150024
25	8,953648	-2,266880	32,872586	-11,393904	-1,486787	70,897345
26	8,892591	-2,154086	32,900241	-11,427022	-1,584172	76,377045
27	8,792995	-2,017343	32,991089	-11,336508	-1,354500	81,388708
28	8,700407	-1,843208	33,091428	-11,207124	-1,015929	85,655627
29	8,640675	-1,613026	33,202850	-11,145418	-0,708212	89,303882
30	8,638874	-1,297759	33,366415	-10,990703	-0,564120	92,013062
31	8,680508	-0,948801	33,614221	-10,701099	-0,875536	93,774957
32	8,799142	-0,512907	33,883127	-10,429588	-1,458383	94,737885
33	8,953467	0,073651	34,198157	-10,223357	-2,196122	95,158832
34	9,117684	0,665471	34,581305	-9,937595	-2,873113	95,369574
35	9,331606	1,391276	35,098764	-9,972591	-2,419383	96,720264
36	9,515890	2,252340	35,829623	-10,043299	-2,702970	97,862976
37	9,650135	3,225418	36,750278	-9,861702	-2,631108	97,743512
38	9,784958	4,303520	37,927243	-9,729528	-2,377656	98,070221
39	9,840623	5,446840	39,567773	-9,675614	-2,550008	98,276740
40	9,854523	6,582980	41,614047	-9,607854	-2,432137	98,272455
41	9,884841	7,764908	43,795267	-9,592153	-2,486239	98,287939
42	9,888495	9,008756	46,260431	-9,601071	-2,492439	98,279004
43	9,863848	10,250735	49,082806	-9,625678	-2,503743	98,255133
44	9,777885	11,421237	52,209790	-9,672182	-2,528464	98,251849
45	9,649443	12,410410	55,567432	-9,694217	-2,539457	98,214264
46	9,500703	13,203999	59,034863	-9,708027	-2,551921	98,170831
47	9,314687	13,751816	62,651318	-9,713637	-2,555190	98,123694
48	9,146199	13,982080	66,453601	-9,717168	-2,554581	98,091394
49	9,019441	13,908455	70,418921	-9,743891	-2,562247	98,077332
50	8,872050	13,589484	74,503717	-9,772255	-2,557863	98,074451
51	8,717000	13,041516	78,767120	-9,785098	-2,547335	98,069025
52	8,616479	12,047604	83,290637	-9,787392	-2,535362	98,060779
53	8,482423	10,913711	87,968500	-9,797636	-2,518035	98,056531
54	8,401159	9,598778	92,831879	-9,803813	-2,501954	98,045026
55	8,337567	8,145602	97,899548	-9,812038	-2,478110	98,043085
56	8,332316	6,608353	103,128772	-9,808952	-2,459382	98,044238
57	8,356571	5,103596	108,563037	-9,793407	-2,434001	98,056390
58	8,403093	3,634300	114,136133	-9,771273	-2,407150	98,069116
59	8,806318	2,502370	119,518188	-9,745705	-2,376024	98,083618
60	9,001300	1,659453	126,077478	-9,712648	-2,333986	98,096173
61	8,691008	0,248388	131,228943	-9,670998	-2,280831	98,138562
62	8,868530	-0,249568	136,996021	-9,636168	-2,223825	98,204352
63	9,115328	-0,274696	142,576721	-9,590268	-2,134174	98,295245
64	9,322479	0,093026	147,861926	-9,526042	-2,017426	98,372339
65	9,464447	0,658646	152,638770	-9,446078	-1,838954	98,450281
66	9,563952	1,325460	156,697888	-9,414888	-1,600047	98,546466
67	9,620290	1,695485	159,847839	-9,425127	-1,311333	98,676843
68	9,722889	1,549359	161,903235	-9,494948	-0,985358	98,853125
69	9,849905	1,054461	163,039734	-9,634539	-0,606059	99,090100
70	9,943420	0,363426	163,460657	-9,776881	-0,145817	99,368445
71	9,912694	-0,446617	163,403125	-9,912694	0,446617	99,711993
72	3000,000000	0,000000	-3000,000000	3000,000000	0,000000	-3000,000000
73	3000,000000	0,000000	-3000,000000	3000,000000	0,000000	-3000,000000
74	3000,000000	0,000000	-3000,000000	3000,000000	0,000000	-3000,000000
75	3000,000000	0,000000	-3000,000000	3000,000000	0,000000	-3000,000000
76	3000,000000	0,000000	-3000,000000	3000,000000	0,000000	-3000,000000
77	3000,000000	0,000000	-3000,000000	3000,000000	0,000000	-3000,000000
78	3000,000000	0,000000	-3000,000000	3000,000000	0,000000	-3000,000000
79	3000,000000	0,000000	-3000,000000	3000,000000	0,000000	-3000,000000
80	3000,000000	0,000000	-3000,000000	3000,000000	0,000000	-3000,000000
81	3000,000000	0,000000	-3000,000000	3000,000000	0,000000	-3000,000000
82	3000,000000	0,000000	-3000,000000	3000,000000	0,000000	-3000,000000
83	3000,000000	0,000000	-3000,000000	3000,000000	0,000000	-3000,000000
84	3000,000000	0,000000	-3000,000000	3000,000000	0,000000	-3000,000000
85	3000,000000	0,000000	-3000,000000	3000,000000	0,000000	-3000,000000
86	3000,000000	0,000000	-3000,000000	3000,000000	0,000000	-3000,000000
87	3000,000000	0,000000	-3000,000000	3000,000000	0,000000	-3000,000000
88	3000,000000	0,000000	-3000,000000	3000,000000	0,000000	-3000,000000
89	3000,000000	0,000000	-3000,000000	3000,000000	0,000000	-3000,000000
90	3000,000000	0,000000	-3000,000000	3000,000000	0,000000	-3000,000000
91	3000,000000	0,000000	-3000,000000	3000,000000	0,000000	-3000,000000
92	3000,000000	0,000000	-3000,000000	3000,000000	0,000000	-3000,000000
93	3000,000000	0,000000	-3000,000000	3000,000000	0,000000	-3000,000000
94	3000,000000	0,000000	-3000,000000	3000,000000	0,000000	-3000,000000
95	3000,000000	0,000000	-3000,000000	3000,000000	0,000000	-3000,000000
96	3000,000000	0,000000	-3000,000000	3000,000000	0,000000	-3000,000000
97	3000,000000	0,000000	-3000,000000	3000,000000	0,000000	-3000,000000
98	3000,000000	0,000000	-3000,000000	3000,000000	0,000000	-3000,000000
99	3000,000000	0,000000	-3000,000000	3000,000000	0,000000	-3000,000000
100	3000,000000	0,000000	-3000,000000	3000,000000	0,000000	-3000,000000
101	3000,000000	0,000000	-3000,000000	3000,000000	0,000000	-3000,000000
102	3000,000000	0,000000	-3000,000000	3000,000000	0,000000	-3000,000000
103	3000,000000	0,000000	-3000,000000	3000,000000	0,000000	-3000,000000
104	3000,000000	0,000000	-3000,000000	3000,000000	0,000000	-3000,000000
105	3000,000000	0,000000	-3000,000000	3000,000000	0,000000	-3000,000000
106	3000,000000	0,000000	-3000,000000	3000,000000	0,000000	-3000,000000
107	3000,000000	0,000000	-3000,000000	3000,000000	0,000000	-3000,000000
108	3000,000000	0,000000	-3000,000000	3000,000000	0,000000	-3000,000000
109	3000,000000	0,000000	-3000,000000	3000,000000	0,000000	-3000,000000
110	3000,000000	0,000000	-3000,000000	3000,000000	0,000000	-3000,000000
111	3000,000000	0,000000	-3000,000000	3000,000000	0,000000	-3000,000000
112	3000,000000	0,000000	-3000,000000	3000,000000	0,000000	-3000,000000
113	3000,000000	0,000000	-3000,000000	3000,000000	0,000000	-3000,000000
114	3000,000000	0,000000	-3000,000000	3000,000000	0,000000	-3000,000000
115	3000,000000	0,000000	-3000,000000	3000,000000	0,000000	-3000,000000
116	3000,000000	0,000000	-3000,000000	3000,000000	0,000000	-3000,000000
117	3000,000000	0,000000	-3000,000000	3000,000000	0,000000	-3000,000000
118	3000,000000	0,000000	-3000,000000	3000,000000	0,000000	-3000,000000
119	3000,000000	0,000000	-3000,000000	3000,000000	0,000000	-3000,000000
120	3000,000000	0,000000	-3000,000000	3000,000000	0,000000	-3000,000000
121	3000,000000	0,000000	-3000,000000	3000,000000	0,000000	-3000,000000
122	3000,000000	0,000000	-3000,000000	3000,000000	0,000000	-3000,000000
123	3000,000000	0,000000	-3000,000000	3000,000000	0,000000	-3000,000000
124	3000,000000	0,000000	-3000,000000	3000,000000	0,000000	-3000,000000
125	3000,000000	0,000000	-3000,000000	3000,000000	0,000000	-3000,000000
126	3000,000000	0,000000	-3000,000000	3000,000000	0,000000	-3000,000000
127	3000,000000	0,000000	-3000,000000	3000,000000	0,000000	-3000,000000
128	3000,000000	0,000000	-3000,000000	3000,000000	0,000000	-3000,000000
129	3000,000000	0,000000	-3000,000000	3000,000000	0,000000	-3000,000000
130	3000,000000	0,000000	-3000,000000	3000,000000	0,000000	-3000,000000
131	3000,000000	0,000000	-3000,000000	3000,000000	0,000000	-3000,000000
132	3000,000000	0,000000	-3000,000000	3000,000000	0,000000	-3000,000000
133	3000,000000	0,000000	-3000,000000	3000,000000	0,000000	-3000,000000
134	3000,000000	0,000000	-3000,000000	3000,000000	0,000000	-3000,000000
135	3000,000000	0,000000	-3000,000000	3000,000000	0,000000	-3000,000000
136	3000,000000	0,000000	-3000,000000	3000,000000	0,000000	-3000,000000
137	3000,000000	0,000000	-3000,000000	3000,000000	0,000000	-3000,000000
138	3000,000000	0,000000	-3000,000000	3000,000000	0,000000	-3000,000000
139	3000,000000	0,000000	-3000,000000	3000,000000	0,000000	-3000,000000
140	3000,000000	0,000000	-3000,000000	3000,000000	0,000000	-3000,000000
141	3000,000000	0,000000	-3000,000000	3000,000000	0,000000	-3000,000000
142	3000,000000	0,000000	-3000,000000	3000,000000	0,000000	-3000,000000
143	3000,000000	0,000000	-3000,000000	3000,000000	0,000000	-3000,000000
144	3000,000000	0,000000	-3000,000000	3000,000000	0,000000	-3000,000000
145	3000,000000	0,000000	-3000,000000	3000,000000	0,000000	-3000,000000
146	3000,000000	0,000000	-3000,000000	3000,000000	0,000000	-3000,000000
147	3000,000000	0,000000	-3000,000000	3000,000000	0,000000	-3000,000000
148	3000,000000	0,000000	-3000,000000	3000,000000	0,000000	-3000,000000
149	3000,000000	0,000000	-3000,000000	3000,000000	0,000000	-3000,000000
150	3000,000000	0,000000	-3000,000000	3000,000000	0,000000	-3000,000000
151	3000,000000	0,000000	-3000,000000	3000,000000	0,000000	-3000,000000
